objid,ra,dec
1237678617427443950,21.9628221406385,1.23960667405757
1237678617427445067,21.9632430454424,1.14798823343121
1237678617427444391,21.9634544874946,1.23116593182661
1237663784206992343,21.9638387889509,0.135652465929271
1237663784743862597,21.9639178414248,0.456661344652916
1237663782596379589,21.9642668487512,-1.19837033269871
1237663785280733847,21.9642994077533,1.03487459228179
1237657069546176600,22.0247513400511,-0.864929028392156
1237657072230531789,22.0248743561893,1.12565309437387
1237663783133315366,22.0251196803099,-0.795761154086889
1237663785280799082,22.0260402394833,1.04184309197344
1237663783133316139,22.0263830145169,-0.802073249824038
1237657072230531794,22.0265783477162,1.05505411848458
1237663784207058289,22.0268410400922,0.205150904401135
1237663785280799085,22.0270480014851,1.04685405650525
1237657071156790116,22.0271196950569,0.235462389092051
1237657070619918642,22.0272692004371,-0.116773228135552
1237657069546176900,22.0278778834751,-0.94053926053897
1237663784207123243,22.2683668921759,0.189374992720747
1237657071693725904,22.2694244308913,0.709357761742364
1237663784207123265,22.2705765413541,0.0203626096626722
1237663783670252185,22.270704339618,-0.418013508964251
1237657071693726327,22.2712076580302,0.701628819461885
1237657071156855708,22.2713794867023,0.255708522562167
1237663783670252187,22.2714203117726,-0.304961948335603
1237663782596510516,22.2714204059867,-1.19649981625623
1237663784743993641,22.2714657012897,0.425739197213082
1237666407378388068,22.116135004433,-0.588980267237582
1237663783133315958,22.1163489369462,-0.832645775043657
1237657071156790255,22.1175306580805,0.212632752869379
1237663783133316299,22.1184223125466,-0.667956059898062
1237663783133316300,22.1187444662302,-0.664836154810152
1237663783133315967,22.1196335595431,-0.832528630967659
1237666407378453127,22.3624818016233,-0.512985735218985
1237663783133446629,22.3626204427997,-0.663604632129057
1237663785280930485,22.3629958685806,0.893987370477122
1237666407378453129,22.3641202498358,-0.459695727810629
1237663783670317454,22.3647497337846,-0.276702622908766
1237663784744059443,22.3648074227912,0.509619509699597
1237663785280930615,22.3648929656925,0.896940345542799
1237663783133446989,22.3649202431933,-0.822685902774569
1237663784207189192,22.3652039129143,0.0932902702350693
1237657072230662517,22.3652760892638,1.09562505466005
1237657071156920873,22.3657447271985,0.312512045032147
1237657071156724516,21.856643466291,0.321154870300029
1237657071156724687,21.8566642084149,0.314646946541212
1237657071156724521,21.8567437521718,0.324402240791833
1237663783133249913,21.85695221316,-0.813771194372
1237657069546111277,21.8579086997486,-1.0195824170943
1237663784206991660,21.857978846006,0.0406601574288254
1237663783670383642,22.4713508180286,-0.380005158368901
1237663782596641111,22.4724131547603,-1.22405915688513
1237663783133380747,22.2140572347629,-0.807796597537464
1237663783133381756,22.2141289518284,-0.829017742869117
1237663783670252017,22.2141403534367,-0.298293288202159
1237663783133381110,22.2142015721939,-0.732227353462066
1237657071156855230,22.2142070392578,0.227665047248336
1237666407378387673,22.2142079643378,-0.628404306149359
1237657069546243077,22.2150619307064,-0.934410265212026
1237657071693726160,22.2155802871673,0.63152994781583
1237657069546242933,22.2164825171558,-0.889183602018436
1237663782596510666,22.2167397421252,-1.14748396555661
1237657071693726170,22.2171296410362,0.715386588196505
1237657070619984225,22.2176995944523,-0.138779387468799
1237663785280865109,22.2179437876845,0.949619856560366
1237663784743863434,21.9005661262067,0.42008425634623
1237663785280734201,21.9014868952582,0.878400229264004
1237663784743863339,21.9017866790974,0.481934908199004
1237663783670120877,21.9021870979719,-0.32864274340005
1237663784743863404,21.9034034651762,0.42082630715009
1237663784207188732,22.3791409586872,0.105036106168788
1237663785280930675,22.3795311956104,0.843015797960258
1237663784207189207,22.3805894042054,0.0826111485759147
1237663784744059937,22.3810598373202,0.607909411298231
1237663783670317182,22.3810750696345,-0.409370408966382
1237657072230662729,22.3811888692845,1.10135180517209
1237663783670317263,22.3816759385434,-0.219817782351512
1237663783670317501,22.3827154526689,-0.403375528907192
1237657071156920911,22.3829712222153,0.300654858953205
1237663784207189211,22.383215152684,0.0867764857839969
1237657069546308521,22.3833118688638,-0.86193048104502
1237663783133381383,22.1565789519731,-0.631370776340974
1237663784207122801,22.1572024325134,0.179354655483187
1237663782596510315,22.1577795704828,-1.08730791185851
1237663784744059205,22.4272342973876,0.55303554478669
1237678617427640674,22.4285811804029,1.2346880511456
1237657071693791860,22.4289923650794,0.694442807580476
1237663784744059702,22.4297111131286,0.554514085038478
1237657069546308114,22.4302995583677,-0.993266572716307
1237663782596575851,22.4303165788535,-1.12460182681602
1237678617427640901,22.4306285067154,1.13371944765619
1237666407378518310,22.430655565877,-0.607987325430385
1237663785280930666,22.3453352472504,1.00379323375605
1237657069546308232,22.3455988381897,-0.969889405624429
1237663784744059888,22.3456675925269,0.532149145089934
1237663783670317846,22.3465398628065,-0.243496591373159
1237663783133446587,22.3467160606918,-0.658938692515193
1237657071693791625,22.346924580643,0.637634827212585
1237663784744059367,22.3472958154276,0.508757825654353
1237663783133447149,22.3478703466405,-0.73785874854113
1237657071156920809,22.3480675037116,0.268319790077421
1237663782596575699,22.3487155746365,-1.18371360455345
1237657071156920812,22.3487797669537,0.281277843616696
1237657071693791630,22.3488390617838,0.640842884297576
1237657072230466378,21.9319007675036,1.10687347860479
1237663783670120995,21.9322109007531,-0.289686415758518
1237666407378256141,21.9328611256203,-0.522515345804249
1237663784206992288,21.9331527022133,0.0977014803161434
1237657069546111759,21.9335435487777,-0.977877384181144
1237657071156724205,21.9338351851178,0.222151441434469
1237663782596379224,21.9338919076138,-1.10355406831433
1237663784206991902,21.9340124466033,0.114154153517901
1237657072230466562,21.9342060376293,1.07803620276053
1237663783670121009,21.9343894604288,-0.28536549033918
1237663784743862686,21.9348180055727,0.589708929877298
1237663785280733778,21.9349594894019,0.90493010272441
1237663785280733780,21.9352456854364,0.899340314973042
1237663783670120687,21.9353761307099,-0.282505889211789
1237663784743928524,22.0411191075024,0.435982677010371
1237657070619918685,22.0413220024212,-0.199202867577884
1237657069546176931,22.0415651929839,-0.896749504307324
1237663782596444549,22.04184922356,-1.23932064461069
1237663783670186445,22.0440982869087,-0.387492605181666
1237663783670186438,22.0443349414493,-0.3811569694537
1237663785280799130,22.0443830855901,0.952836708000826
1237663784207057375,22.0444328521786,0.0291473063652476
1237657071156789680,22.0450625349514,0.401643150583553
1237657070619984197,22.2008872856131,-0.0630082467264392
1237663784743994237,22.2015378522201,0.553203853695991
1237663782596510385,22.2018041679148,-1.18720691913985
1237663784207123740,22.2019926143292,0.137698531258523
1237678617427575883,22.2027093944627,1.1521471255781
1237678617427575560,22.2029642638366,1.14762477965582
1237657069546243063,22.2040540098878,-0.882033479168411
1237657071156855191,22.2042005575616,0.287964345727379
1237666407378453041,22.3307213755012,-0.572482674077117
1237657070620049735,22.331365965811,-0.0638838331427182
1237663784744059861,22.3315080213308,0.543572736030817
1237663784744059332,22.3324356281289,0.489466823485673
1237663784744059638,22.4137759525505,0.422816159245137
1237657069546308479,22.4144094380949,-0.846821909755661
1237663784744060207,22.4150981239135,0.562335567090367
1237657072230662769,22.4152953350437,1.04967638741363
1237663783670317278,22.4157668417396,-0.381948532806892
1237663785280930537,22.416056527828,0.892856078420838
1237663783670317947,22.4165662324402,-0.398132883407854
1237663784744059654,22.417183531758,0.468558001936574
1237663785280930704,22.4177010116982,0.947523838726665
1237663784744060130,22.4178095798303,0.548802083126123
1237663782596510142,22.2364913969883,-1.15807030773263
1237657071693725977,22.2370998945092,0.655759076656263
1237663783133381504,22.2374061098557,-0.761460881972631
1237663783670252094,22.239429355152,-0.368770847972802
1237663785280864743,22.2401470652893,0.924233425987008
1237657071693660683,22.0911302105872,0.667136532473116
1237657069546177569,22.0912478623866,-0.983787829589965
1237657070619918844,22.0914078164398,-0.168531529994157
1237657071693660692,22.0940097585687,0.663226341630552
1237663783133315326,22.0943818247069,-0.801160448798487
1237663783133250896,21.97747044463,-0.713766199105762
1237663784743863012,21.9775127832683,0.451788177141557
1237663784743863013,21.9776229863681,0.470725912422268
1237663783133250380,21.9791798203656,-0.806992564036945
1237663783133250742,21.9793846095656,-0.679120486463269
1237666407378321796,21.9793946978319,-0.472781317572688
1237657071156724393,21.980320382368,0.256648824332843
1237666407378321644,21.9806660171972,-0.467414049148835
1237657072230466165,21.9813564887332,1.0813381711702
1237663783670121493,21.9815650975025,-0.383616794766393
1237663785280733854,21.9658083194235,0.995491230233627
1237663782596379598,21.9659129732473,-1.21978884521809
1237663782596379834,21.9663153826395,-1.07346221855336
1237663784743862990,21.9675106633299,0.450881854003254
1237663782596379601,21.968336260405,-1.2060468023776
1237666407378321768,21.9683961265872,-0.429654816000069
1237666340801348445,20.6210531084321,1.10041833033667
1237663783132660857,20.6224939305533,-0.715899514590832
1237663785280144154,20.6226959959191,0.924331858582322
1237663782595789300,20.6231170309861,-1.09153815753771
1237663782595789301,20.6235522838602,-1.13697755613147
1237666339727606632,20.6239179426976,0.314512774391826
1237666338116993834,20.6242019818663,-0.875408236407921
1237663783670251896,22.1718903584877,-0.400463563198829
1237663785280864579,22.1725046822519,0.964779047012811
1237663785280865183,22.172916709073,0.96809193421687
1237663784743994447,22.1730803822304,0.613682031476214
1237663783133380990,22.1741008968885,-0.72163127314988
1237663782596510335,22.1744841335693,-1.2306405055472
1237663784207123512,22.1750496171114,0.0905678220592582
1237663783133381419,22.1756485119235,-0.758721280017283
1237663782596575777,22.3945895754684,-1.2365366785245
1237663784744059953,22.3947975697749,0.605173249566462
1237663783133447024,22.3948281162057,-0.676735932761199
1237657071156921415,22.3950694014162,0.288764358286268
1237663783670317913,22.3952635995804,-0.409682437536205
1237678617427641297,22.3958122218365,1.18146706783209
1237663784744059564,22.3960009472589,0.519529864567388
1237663783670317550,22.3962216974857,-0.226379146659643
1237678617427640850,22.3972123033311,1.13008111544513
1237663784744059575,22.3974918161203,0.570524311209667
1237663785280930314,22.3978644710445,0.920875195479347
1237663782596576318,22.3984776289282,-1.2060189021348
1237663782596510714,22.2840179262155,-1.14411934546364
1237663782596510551,22.285790445108,-1.21022939089195
1237663782596510001,22.2864258113721,-1.07298365704525
1237663783133381565,22.2865064382508,-0.750605309158671
1237657069546242478,22.2869751969714,-0.955741129639848
1237657071693726379,22.2871504882679,0.83025189217609
1237663783133381672,22.2874775891381,-0.806696979068517
1237657069546177206,22.0470146837777,-0.899698659229986
1237666407378322498,22.0470388869453,-0.43733560270536
1237663783670186129,22.0472828099669,-0.232933251221554
1237657069546176950,22.0479550809539,-0.954653865766796
1237657070619918514,22.0482271662667,-0.0757893386005753
1237657070619918702,22.048625951266,-0.0661911970090223
1237663783133316413,22.0489719885803,-0.699286698373228
1237663785280799712,22.0576090649087,0.9658297827516
1237663783670186879,22.0576094603974,-0.229665368268328
1237657070619918747,22.0591548443796,-0.0936554647570434
1237663783670186492,22.0592229471514,-0.272656030624005
1237657070619918749,22.0592649031737,-0.097834565444492
1237657070619918751,22.0595620151083,-0.0276177371360474
1237663783133316485,22.0601389831054,-0.698155877107843
1237657071693660607,22.0602463304432,0.73126950204344
1237663783133446452,22.3054777859741,-0.651432229764548
1237663782596575632,22.3055453094709,-1.10390915252832
1237663784744059261,22.3057741198013,0.568823880126396
1237663784207189328,22.3058756685364,0.1254672368624
1237657072230662407,22.3062275653818,1.11516846254756
1237663784744059820,22.3070549938769,0.588422115404744
1237663784744059264,22.3070561669392,0.576256531014284
1237657071156921163,22.3085619984133,0.365191771466084
1237663784744059271,22.3088047368447,0.583711019907205
1237663783670383764,22.472747262479,-0.332770038832702
1237657072230727993,22.4728932840669,1.10012813819454
1237663783133512415,22.4730869941103,-0.633640812341668
1237663784207254772,22.4736124746589,0.183869498390093
1237663784744125848,22.473911176678,0.623929822817369
1237657070620115273,22.4742004322808,-0.0171092300694621
1237657072230728458,22.4748265367954,1.11533597485592
1237663783133512045,22.4758416384,-0.653026017744473
1237663784207253957,22.4759749493324,0.134299153906074
1237663784744125534,22.4761601637807,0.604420584522198
1237663784744124767,22.476634999012,0.620776696708348
1237666407378256786,21.9136306687053,-0.561401871487206
1237657069546111915,21.9142822298668,-0.858303962421653
1237663783670121724,21.9153182227353,-0.418426466277557
1237657070619853860,21.9156191982874,-0.200575024127531
1237657071693594884,21.9157224044721,0.725736578832305
1237663783133250144,21.9160613199795,-0.821918307677824
1237663783133250146,21.9165115317046,-0.825639147715379
1237657070619853861,21.9176890831293,-0.0229544996086383
1237663783670186901,22.0736605284305,-0.381598674437745
1237666407378322493,22.0745131289245,-0.629265470711149
1237657070619918796,22.0747902148299,-0.0301184456435151
1237657069546176777,22.0757894126799,-0.89731520644395
1237663782596444909,22.0763399561213,-1.22305059795257
1237663784207057530,22.0763942169778,0.0594819474549256
1237657071693595681,21.9042413595994,0.640026704470642
1237663784206991787,21.9042980180138,0.0230923877311769
1237663783670120673,21.9055679674997,-0.319721943401585
1237657069546111396,21.9058613026989,-0.931796571885578
1237663783133250941,21.9061771365796,-0.711550753598796
1237657070620115334,22.4866569291419,-0.0168993777616786
1237663785280865134,22.2541852412738,0.887781031925988
1237678617427575669,22.254207023057,1.15404150005377
1237663782596510174,22.2543204972009,-1.11481768375556
1237678617427575670,22.2547429821841,1.16358858360807
1237663782596510176,22.2547756012193,-1.16665873877935
1237663784743994324,22.2548089954267,0.587254783952049
1237663782596510693,22.2552448214963,-1.13002260267317
1237663783670252146,22.2559851863157,-0.412007418232897
1237657069546243163,22.2567578400119,-1.0422544740222
1237663782596510479,22.2567774248843,-1.20732164634336
1237678617427575827,22.2567880001233,1.1489041807975
1237663784743993982,22.2568739894501,0.595260411200098
1237657071693726569,22.2571513692241,0.710223087590288
1237657072230597095,22.2571668029495,1.10965099108236
1237657071156855379,22.2576379707046,0.366432323070453
1237663783670252153,22.2578872898592,-0.408347774006643
1237666407378518330,22.4585838663657,-0.567506545801682
1237663782596641085,22.4594532555348,-1.10407952528717
1237666407378519136,22.4603751642045,-0.560200927693702
1237663783670382937,22.4606951946747,-0.366995497595644
1237666407378519035,22.4613066564791,-0.473518284739112
1237663782596641086,22.4615373254551,-1.21783327278811
1237663783670383413,22.4617857348953,-0.376481696925199
1237657070620115907,22.4625837759312,-0.0876545688428695
1237663784743863327,21.88626229918,0.538286534631581
1237657069546112009,21.8876207950173,-1.02718811067613
1237663784206991730,21.8884672185382,0.195242181085411
1237657071156724076,21.8889948486345,0.297908829768204
1237678617427641071,22.3839150915223,1.25599666091869
1237678617427640836,22.3840891034597,1.25887253271421
1237663784744059940,22.3842602905806,0.519145610306174
1237663782596576045,22.3846815136371,-1.23035847990304
1237663784207188770,22.3847056027359,0.103521375798895
1237663784744059513,22.3851205934452,0.514129344700734
1237663785280930503,22.386773338207,0.899967408983029
1237663782596576230,22.3869722327862,-1.14404371678783
1237663783670187129,22.1205548421768,-0.365148817873349
1237666407378387802,22.1207558379534,-0.553101823534187
1237663784743928365,22.121487577255,0.445622745675441
1237663783133316517,22.1216535990918,-0.663722457913644
1237666407378387420,22.121803105071,-0.608865220131696
1237657071693660774,22.1227919495223,0.737021201346524
1237657071693660773,22.1228206218938,0.669232886424283
1237663782596444701,22.1230343767274,-1.14667781374444
1237663783133316535,22.1235554177726,-0.726014921924657
1237657070619918924,22.1239430910804,-0.0725551696054218
1237657072230597234,22.1604764412123,1.09866388328048
1237657071156855559,22.1608652456081,0.320648497846154
1237663784743993702,22.1623605672323,0.541486695647981
1237678617427641026,22.3494124926044,1.25218287996533
1237663784744059891,22.3494574102577,0.506624809780326
1237663785280930465,22.3497806789924,0.87337165499947
1237663785280930605,22.3505145825979,1.01050188512799
1237663782596576003,22.3506468880168,-1.17713308351752
1237657071156920594,22.3511892384481,0.21427966767143
1237666407378453090,22.351204477414,-0.429315251204246
1237663783670317852,22.3512447535143,-0.382504566245083
1237663783133446593,22.3514297475053,-0.73936500308579
1237663784207188591,22.3515953869981,0.173096125262345
1237663785280930208,22.3519019846924,1.01713131115159
1237663782596576205,22.3520094619189,-1.16994773996001
1237657071156921213,22.3529325872425,0.313397017763852
1237663783133446598,22.3530297890263,-0.759888143665436
1237663782596575715,22.3532295081939,-1.17331476391276
1237663783133316457,22.1379344970346,-0.773289784297507
1237663784743928422,22.1379670838214,0.602654454359846
1237657071693661232,22.1383190154272,0.748053425417434
1237663783670186988,22.1386019879507,-0.231200762354552
1237657071693661069,22.1401688941933,0.659336502366584
1237663782596444466,22.1406483234663,-1.20533442027872
1237657071693660835,22.1408038669017,0.74435207485823
1237663783133316042,22.1409698212497,-0.770671207971985
1237657070619919274,22.1413513728581,-0.105016034717038
1237663782596444743,22.1413531239032,-1.12934591279351
1237663783670187214,22.1415848432268,-0.353005175694014
1237663783133315615,22.0284199310386,-0.829527308014434
1237666407378321939,22.0285957924082,-0.519610291267519
1237678617427444909,22.0287079108574,1.22290490888415
1237666407378321941,22.0288144601114,-0.527800957576392
1237663783133315623,22.0289280725348,-0.633859710936496
1237663785280799090,22.0289557515752,1.0411001138628
1237657071156789636,22.0294917973707,0.21846597545139
1237657072230532106,22.0297048687159,1.05884526446431
1237663782596445073,22.0300357542227,-1.1440145467006
1237663783133316143,22.0303396778969,-0.800080512731563
1237678617427444556,22.0309278090097,1.13545700600303
1237663784743928511,22.0314803769905,0.433837408380962
1237666407378321950,22.0325239126069,-0.453358537592088
1237657070619918665,22.0327566481797,-0.109014616435839
1237663782595789575,20.6257432707599,-1.19830385014542
1237666340801347721,20.62682625119,1.10058794416956
1237663782595789578,20.6273838787036,-1.09257059741474
1237666339190735788,20.6289922196505,-0.210006147713416
1237657070619919019,22.0070126732655,-0.0393252358545163
1237657071156789373,22.0072145794878,0.405881573322632
1237666407378322360,22.0076272171589,-0.47767615225999
1237663782596444785,22.0078303919449,-1.18323862827458
1237678617427445041,22.0085339480912,1.14871259101286
1237663782596444789,22.0095734300137,-1.05497504476305
1237657071156789375,22.0099477408437,0.407564051212621
1237663782596379623,21.9832261257776,-1.15101726645324
1237663783670121200,21.9838219514901,-0.262899134114932
1237657072230466600,21.984277342044,1.08003962301117
1237663783133250990,21.9862982414682,-0.662876578883078
1237663783670121657,21.9864178933408,-0.383511440137184
1237663782596510774,22.2403249791499,-1.09987557969973
1237663782596510446,22.2404317356539,-1.09563642870353
1237663783670252101,22.2406732782731,-0.362531445871826
1237657072230597055,22.2411787265732,1.11984638344234
1237663783670252102,22.2414865146612,-0.262970154222085
1237663782596510153,22.2416492221499,-1.16504351251818
1237678617427575289,22.2417452659844,1.17005497545042
1237663782596641321,22.581128933737,-1.14256754770428
1237663783670383738,22.5812354652355,-0.235837503362199
1237663782596641830,22.5815202270801,-1.14738214212017
1237663785280734234,21.9488972348662,0.973097861271495
1237663783133250287,21.9494679058307,-0.817926101581503
1237657071693595197,21.949613084945,0.715952013306323
1237663784206991954,21.9497263601789,0.206997507366813
1237663784206992492,21.9501409892048,0.0902557279871818
1237663783133250289,21.9502402969205,-0.814478389272477
1237678617427444075,21.9506147978863,1.15615108704005
1237678617427444371,21.9519179008535,1.20895424930341
1237663783670121727,21.9520996241734,-0.323764889143717
1237663783133250298,21.9523096642176,-0.834330989633571
1237663782596379279,21.9527232318084,-1.18938598578369
1237657069546111781,21.9528781306536,-0.991218766701796
1237666407378256034,21.8693957685615,-0.521088035029847
1237657070619853145,21.8699471890507,-0.142932384690385
1237663785280733563,21.8706202777049,0.865166360243838
1237678617427379568,21.8711238767737,1.17275017598008
1237657070619853818,21.8718995822952,-0.137510277823352
1237663782596379121,21.8719731591059,-1.25037692035449
1237666407378256846,21.8719906175969,-0.523736938551709
1237657071156724013,21.8722957347356,0.284022033285732
1237657071156724550,21.8724299801289,0.328384841294322
1237663783670121324,21.8725430216411,-0.384956282578732
1237666407378322002,22.0492070111835,-0.458203754380994
1237657071693857672,22.5029817452007,0.684099792615255
1237657069546374177,22.5030065031162,-0.846340961310114
1237663782596641481,22.5030788451147,-1.099902063309
1237663784207254591,22.5031282991003,0.0577392353294015
1237678617427706906,22.5036302579526,1.23047288153628
1237663782596641747,22.5040623787579,-1.17541283960499
1237663782596641487,22.504142693961,-1.21756774249584
1237657071693857011,22.5046935876999,0.628472477013573
1237663782596641485,22.5047857297185,-1.16969328689718
1237663783133512622,22.5053502459005,-0.79907178978824
1237657069546374051,22.5059739094463,-0.847946257536051
1237663782596641489,22.5063838696193,-1.14469743950605
1237663783133381711,22.2055261246984,-0.830595561919166
1237657069546242916,22.2056225105915,-0.930176370988218
1237663784743994252,22.2069831093791,0.555002446286106
1237663783133381748,22.2082591457364,-0.827604390482595
1237663783670251709,22.20843948825,-0.307721092373022
1237657071693726135,22.2084605252749,0.746049684698652
1237657069546243162,22.2090340033363,-0.881318557548249
1237657071693726506,22.2091926376261,0.764558561136441
1237663782596641146,22.487456928476,-1.12922034270556
1237657071156986861,22.4875127361727,0.260704388172575
1237663783670383812,22.4875626640626,-0.363403227568011
1237663783670383028,22.487678228743,-0.331115802944102
1237657071156986177,22.4879329636337,0.215834124185069
1237657069546373506,22.4879713399812,-0.850774614836719
1237663784207254568,22.4880502930943,0.148456497439061
1237663784207254023,22.4887269618078,0.137245631374923
1237657072230728321,22.4887356453892,1.0482800152549
1237657071156986304,22.488864668211,0.227485273104381
1237663782596641153,22.4902916779761,-1.25696311787002
1237657071693660776,22.1248535275656,0.749536186219638
1237663784207057730,22.125029298412,0.196603960459205
1237657071693660777,22.1253847721601,0.83553330622035
1237663782596444462,22.1255531546753,-1.15702934435867
1237663784207058089,22.125561048117,0.208466729241438
1237657071156790272,22.1258701116865,0.381146768359822
1237663782596444988,22.1259742560122,-1.16103645573083
1237666407378387809,22.1261693981301,-0.580827955739476
1237666407378387808,22.126252040193,-0.594849361983421
1237663783670186251,22.1264546668752,-0.343042399268341
1237666407378387969,22.1268064219502,-0.606588163798555
1237678617427509932,22.127065031176,1.13718779468974
1237663783670186707,22.1270945457405,-0.391852224054951
1237663783133315440,22.1273182946014,-0.689109722578707
1237657071156789983,22.1274933114794,0.390979293265747
1237663784743928081,22.1279475569003,0.446142945994033
1237678617427445060,21.8895947950617,1.1511324427557
1237663784743863331,21.8899586939041,0.531679733803352
1237657071693595008,21.8902452625449,0.687824428979617
1237657071693857968,22.5662822825536,0.677849291116232
1237663785280995853,22.5667698927587,1.00457350772414
1237663783133512297,22.5672289247014,-0.813358674054875
1237663783133512670,22.5680174811676,-0.79406152184469
1237663782596641812,22.5685585456202,-1.14401719486328
1237663783670383264,22.5686710944662,-0.256924111536374
1237663785280995856,22.5687734601375,0.869622873446042
1237666407378584566,22.5690741739313,-0.526331210272036
1237663785280996028,22.5693599807922,0.866851793498158
1237663784743994194,22.176633471192,0.521851004123801
1237657071156855076,22.1767475188236,0.282923012032899
1237663784743994533,22.1767514047119,0.586027347809601
1237657071156855586,22.1771755998892,0.412842838594173
1237663783670252685,22.1773795781405,-0.280651801502685
1237663783133381705,22.1773974257104,-0.659180746633099
1237663785280864595,22.1781968736481,0.905773672277016
1237657070619984131,22.1782468074737,-0.0922010425356226
1237663784207123851,22.2729587665967,0.007850555127404
1237663782596510522,22.2742812962761,-1.16440075410926
1237657071693726344,22.2747054711053,0.659353945203037
1237657071156855441,22.2751731856802,0.253208094038386
1237663783670252199,22.2751995320819,-0.31758375466993
1237663784207189171,22.3534862514019,0.0869261854632367
1237663785280929974,22.3536502215689,0.876222146518441
1237663783670317856,22.353850458407,-0.235854644829443
1237666407378453100,22.3545017406925,-0.444833568474075
1237657072230662693,22.3552920415367,1.07775806443001
1237663784207188603,22.3553368447479,0.0711783738236578
1237657070620050083,22.3556878474281,-0.087517722474372
1237657072230662694,22.3556970744535,1.10023028361699
1237666407378322488,22.0606387293135,-0.477023524224446
1237657069546176965,22.0607028105961,-0.893208148860177
1237663783133315747,22.0610878972657,-0.644734777124902
1237678617427509781,22.0614606966901,1.25698582988183
1237663782596444428,22.0619852547421,-1.08431514668539
1237657071693660970,22.0624063275552,0.722530962269121
1237663783670186476,22.0627880388884,-0.276434657096207
1237678617427509795,22.0638263984487,1.19093990153465
1237657069546177236,22.0639686258637,-0.986456368456547
1237663784207058197,22.0639848042867,0.00897134424642931
1237657071156724359,21.9689542978014,0.342150181449894
1237663784743862993,21.9697891635362,0.469027964879436
1237663783133250729,21.969810059639,-0.661721097645666
1237663783670383168,22.534830755845,-0.343032481319242
1237657069546373606,22.5350274145745,-1.00437935897728
1237663784207254889,22.5351849660742,0.0343087050726937
1237657070620116072,22.5366620003095,-0.198928678061805
1237663785280996002,22.5367954088767,0.962620159974923
1237663782596641548,22.5368370322931,-1.21841421805328
1237678617427706438,22.537595698791,1.25951088964694
1237663785280930343,22.4184103933503,0.858254012074701
1237657071156921288,22.418427796395,0.328859432158341
1237663784207188896,22.4184338876783,0.0486747910685694
1237666407378518439,22.4186070294356,-0.496931409836976
1237663785280930347,22.4186686228932,1.04463876221655
1237666407378518814,22.4194004856587,-0.553102780078125
1237663782596575835,22.4195617713332,-1.13751983193916
1237663783670318179,22.4199793062474,-0.395631721537432
1237663785280930699,22.4199905746344,0.895283418350201
1237678617427641140,22.4204120799413,1.15608038801518
1237663785280930349,22.4206413577295,0.953593335000884
1237663785280930353,22.421456164424,0.938257569456567
1237663785280930351,22.4217543862085,1.04356982689297
1237678617427641147,22.4220329361059,1.1371022656447
1237666339727606338,20.6292942202218,0.370097491709705
1237666339190735453,20.6293939987428,-0.124959376592241
1237663782595789307,20.6300151528352,-1.1442277721757
1237666339727606782,20.6300912057319,0.363396921126011
1237663783132661036,20.630543286737,-0.696359902725528
1237663782595789317,20.6311625947177,-1.13914125876953
1237666339190735460,20.631543157063,-0.206753663474997
1237666338116993848,20.6319649781203,-0.857641904279213
1237666339190735976,20.6331160444944,-0.201927732382509
1237666339727606351,20.6332836134434,0.318172309311235
1237663782595789854,20.6336887812489,-1.13751211135855
1237663784207057265,22.0119621584698,0.098291320857429
1237663782596444500,22.0122772484455,-1.18988177119108
1237657071156789367,22.0128230520796,0.412540951358537
1237663782596444506,22.0134871335268,-1.07525402635775
1237663783133315282,22.0135640951628,-0.63909670006122
1237663784743928814,22.0141919966319,0.522161639585703
1237663784207058282,22.0146672778808,0.0973661298365769
1237663785280799427,22.0150820009838,0.869485313715359
1237657071693792113,22.4309268151952,0.684046143575584
1237666407378519019,22.4313532108494,-0.497921677036943
1237663783133446412,22.4316878183316,-0.74493108041434
1237666407378518460,22.4319709920705,-0.610742535660005
1237663785280930369,22.4320930198216,1.02466583358087
1237663784744060143,22.4323917829476,0.560478931461035
1237663784744060008,22.4325430977795,0.605422633485812
1237657071693791875,22.4336078543699,0.689354021975109
1237663783670318141,22.433701596956,-0.380679831479566
1237678617427641164,22.4337026943019,1.22132393198127
1237666407378518468,22.4337727176554,-0.551157024967515
1237663785280930067,22.4337811749687,1.04268432244181
1237663783670317688,22.4337897014522,-0.332505958363115
1237657070620049949,22.433917120089,-0.132922205443673
1237663784207189437,22.4339460250481,0.0480949857194219
1237663784744059721,22.4341211418853,0.459808662591753
1237678617427444991,21.9870554448568,1.18438417793625
1237663783133250756,21.9875272452764,-0.732400670040848
1237657071156724659,21.9876876466836,0.250146273357849
1237663784206992093,21.9886263796459,0.157181560855832
1237666407378321817,21.9889893746257,-0.452796307639563
1237663783670121506,21.989051450657,-0.375110280610437
1237663783670121217,21.9902167345155,-0.232937320897892
1237657071693595210,21.9532117437067,0.825385984888792
1237663782596379567,21.9536251266226,-1.05232125924067
1237657071156724298,21.9538854502067,0.334996224331424
1237657070620180834,22.6294433509665,-0.203323026930744
1237663782596706733,22.629483949976,-1.0860494826139
1237663783133578186,22.6310503854474,-0.749122114067335
1237678617427706696,22.5191110031471,1.23694206484221
1237663783670383134,22.5192215867903,-0.262297706727942
1237657070620115971,22.5206159987679,-0.136514733974155
1237678617427706932,22.5208211110303,1.18152734066152
1237657071156986393,22.5215443331393,0.235136996029381
1237666407378518699,22.5217250452702,-0.513902953977824
1237657070620116076,22.5225554199101,-0.129787606683923
1237663785280995752,22.5228640236958,0.970028426015025
1237657071156986395,22.5228823637623,0.25942953593112
1237663783670383499,22.5231376763639,-0.264423007912464
1237663785280799536,22.1063722994266,0.97808161193888
1237663782596444669,22.1071111760142,-1.25573376067622
1237663785280799293,22.1073679395368,0.871737723737852
1237657071693660728,22.1075673692193,0.747220799189034
1237663783133315936,22.1077842642312,-0.672595798217347
1237663782596444672,22.1093660764725,-1.25192255834426
1237657071693857227,22.477188539788,0.715254889854151
1237663784744124972,22.4781785500564,0.480364401191329
1237663784207253974,22.4790467856916,0.135944358310058
1237663785280995952,22.47910910201,1.03418869431328
1237663782596510646,22.1877728764749,-1.11141328049741
1237657070619984653,22.1888046557723,-0.119730995471454
1237663782596510733,22.189096881894,-1.11871373396543
1237678617427575787,22.1912099667447,1.15541337435506
1237663783670251944,22.1915276247806,-0.311648255862627
1237663784744125030,22.4917361572242,0.544028841725101
1237666407378518909,22.4919060361556,-0.430506444859695
1237657071156986944,22.4921418989306,0.213187318065954
1237666407378518613,22.4928341431551,-0.490879275873212
1237663783670383467,22.4931905013482,-0.321550896777379
1237663782596640965,22.4938164934394,-1.21173678316025
1237663784744124463,22.4945749091762,0.486814210699706
1237657071156986674,22.4948456396266,0.270482664314336
1237657069546373813,22.4950056631489,-1.03876705796089
1237657069546373366,22.4951847627963,-0.872178535420582
1237657071693922734,22.644733725105,0.745160809453368
1237657070620180871,22.6448605865381,-0.129507587287652
1237663783670449196,22.6454138240226,-0.2733405059059
1237657069546439611,22.6461395132732,-0.985068567890844
1237663784744191056,22.6463041229962,0.486612044480802
1237657070620180872,22.6463191992278,-0.131922965060208
1237663785281061286,22.6464209945139,0.980832886748418
1237657070620181429,22.6467736209297,-0.085226250685908
1237657071693923489,22.6473191771722,0.738611493948274
1237663784207319499,22.6476392156799,0.0983505288147649
1237657070620180881,22.6483588437976,-0.0811935187630395
1237663783670317268,22.3875263219596,-0.396123085879307
1237663782596576053,22.3882397255759,-1.21189548172341
1237663783133446712,22.3883696002872,-0.676785529458774
1237663782596576054,22.3885679122225,-1.25270531032176
1237663782596576340,22.3888469613175,-1.2262420019469
1237663784744059182,22.3903100138227,0.576787049981541
1237657072230793699,22.6768946665366,1.08631198734743
1237657069546308257,22.3666296280695,-1.01585627286776
1237663785280930245,22.3675673691023,0.900585858951905
1237663783133446997,22.3687197532338,-0.735010768676345
1237678617427641053,22.3689077344301,1.13643005457116
1237663783670317470,22.3689829288032,-0.26610982917725
1237666407378453427,22.3691695080221,-0.458557600821227
1237663783670317469,22.3695611901227,-0.26054190389041
1237678617427641286,22.3702426573803,1.18921321734157
1237657071693792031,22.3703562152111,0.837803050443276
1237663782596576288,22.4472637163559,-1.11508739758592
1237657069546307888,22.4474258119515,-0.848162508373247
1237657071693792135,22.4476667723148,0.664490757953059
1237663784744060033,22.447800341531,0.472295260798894
1237663784744060036,22.4486468380724,0.469122714531581
1237657071693792139,22.4493822521326,0.747577747510041
1237663782596576127,22.4499482622801,-1.10816185680276
1237663784744059776,22.4504888266316,0.473469805077623
1237663784744060044,22.4504932058877,0.431146323648303
1237666407378453308,22.2907899657282,-0.568225531282126
1237663785280865059,22.2914297055236,0.919789140024155
1237663783133381313,22.291542610441,-0.77572419931161
1237663784743994084,22.2915646696484,0.568162959305162
1237663785280864834,22.2918502059936,0.931887962521997
1237663782596641706,22.4628814666914,-1.09949456749339
1237663782596641707,22.463301173725,-1.1064621955352
1237663783670383808,22.4639490378652,-0.381348447877411
1237663782596641710,22.4650976071985,-1.10164849332211
1237663784744124753,22.4652253074333,0.466406935663454
1237663783133512598,22.4652592666302,-0.735854135245062
1237666407378518870,22.4658605225902,-0.568806211878525
1237657070620116088,22.4662822702279,-0.186024048375342
1237657070620115244,22.4664211266043,-0.0144109501037374
1237666407378519087,22.5503901916501,-0.4351004676928
1237663782596641264,22.5506402902375,-1.21199202361086
1237678617427706230,22.5518088553711,1.23041781709815
1237663783133511940,22.5525512647835,-0.795019338629451
1237663783670383223,22.5537474077321,-0.215997143831549
1237678617427706470,22.5539665168882,1.21740301463103
1237666407378518999,22.5543721083778,-0.436784694882241
1237663782596707481,22.6136632804736,-1.10189869587275
1237657071693922644,22.613749895648,0.714916018875163
1237657070620180794,22.6150643778682,-0.0958280472365579
1237663783670448933,22.6179259457,-0.217959148867963
1237657069546308055,22.3989332903566,-0.862401109835981
1237657071693792069,22.4008645980583,0.810953565814748
1237663783670318100,22.4011593236725,-0.330278497231223
1237657071693791777,22.4012677169777,0.752872790064464
1237663785280930318,22.4016025616189,0.960614659500424
1237678617427641102,22.4027151991342,1.17980925733629
1237663782596575804,22.4030047166308,-1.1364316520409
1237663783670317570,22.4030498532889,-0.379505817380969
1237657070619918966,22.1424398871254,-0.19454817205624
1237657071693660841,22.1425465800939,0.749301497660577
1237663783670187146,22.1428531896377,-0.233295863868385
1237657070619919163,22.1429936385329,-0.115339788450407
1237663785280799378,22.1437310783865,1.04502257738932
1237657071693661074,22.1447223838269,0.664850838512317
1237678617427509968,22.1449522431521,1.13488606275551
1237657071156790041,22.1451639786187,0.334360508057239
1237663785280799380,22.1453491345628,1.03915448244743
1237663782596444750,22.1455081261662,-1.12245069400731
1237663782596445147,22.1456742213444,-1.11938281480984
1237663783133315457,22.1462451102163,-0.824771657229804
1237666407378518817,22.4224061543635,-0.478661124360058
1237663784207320083,22.6606487468629,0.169966335755443
1237663784207319546,22.6611324372376,0.068757735614996
1237657071693923195,22.661279567731,0.653397601969692
1237678617427771993,22.6615184674083,1.16610871038579
1237678617427771992,22.661536578176,1.16182901187258
1237663784744190628,22.6616296672038,0.432591244391236
1237666407378584171,22.6623002655308,-0.451545381532436
1237663782596706808,22.6629805252867,-1.22863839717229
1237663785280734040,21.9186177397584,0.958484338173953
1237663785280733721,21.9188970361463,0.852811958658306
1237657071156724597,21.9191262704672,0.292376640897568
1237657071156724163,21.9191635476909,0.353588016677032
1237657071156724164,21.919608922941,0.39925237504217
1237657069546111428,21.9196304897959,-0.990090215863617
1237657070619853864,21.9196502237947,-0.0307467243547768
1237663784743863346,21.9197842600428,0.501090713991362
1237663785280733723,21.9198634958504,0.912743900514912
1237657072230466544,21.9198786919198,1.05911338731015
1237657071156724165,21.9199816150126,0.404314173881897
1237663783670120930,21.9202307211577,-0.31913103466665
1237663783133250169,21.9207731009499,-0.820299780533922
1237663783670120936,21.9213110499076,-0.416409219802794
1237663782596641234,22.5383701195533,-1.07248869448294
1237663783670383186,22.53882120474,-0.387681913824464
1237666407378519083,22.5389600251563,-0.431153803271282
1237663785280996004,22.5393411485085,0.9384568911685
1237666407378519084,22.5398708084843,-0.426374112452709
1237657072230727855,22.5406212796748,1.09740616305925
1237657070620115490,22.5406944452941,-0.203803567289836
1237657072230728372,22.5413479151852,1.10014694334158
1237657071693726483,22.1921148819517,0.69233812378883
1237678617427575540,22.1924910153985,1.23450949851072
1237663783670449061,22.7083744200959,-0.249445665455978
1237657070620181053,22.7101783759729,-0.208353348396451
1237663784207320158,22.710380204911,0.0381520571254409
1237663784207319748,22.7106715270061,0.0422941444930872
1237657071156986859,22.4806517182874,0.22215284451939
1237663782596641430,22.4815425799769,-1.11411988701458
1237663782596640952,22.4817852799088,-1.25553934720539
1237663783670383011,22.4818993294486,-0.344373226989121
1237663784207253740,22.4829321785474,0.136794496152653
1237657071156986662,22.4836821399713,0.218346868108338
1237663784744124990,22.4838182453444,0.486577271688299
1237663782596641435,22.4840345111924,-1.12418026290216
1237663784744125969,22.4844076845827,0.581041019297645
1237663782596641893,22.4844539356714,-1.12085104951432
1237663782596640954,22.4845235752675,-1.05078456468389
1237663785280995682,22.4845902584785,1.02977860907834
1237663783670252396,22.2188839381195,-0.382733725184837
1237657071693726174,22.2191111930845,0.818477827601601
1237657071693726706,22.219416839126,0.786142548541786
1237678617427575225,22.2194619945514,1.13974735041588
1237678617427575227,22.2196798396349,1.14310130341695
1237657071156855819,22.2198982662352,0.303870074961727
1237657069546242702,22.2199077255111,-0.897670865127402
1237657071693726525,22.2202467664907,0.643806134446558
1237657071156855881,22.2205820352834,0.29961473597367
1237657071693726787,22.2211774703361,0.710769475095695
1237657072230597016,22.2220760631935,1.08495154789606
1237663784207320053,22.6489542166735,0.0736340703026472
1237663785281061623,22.6491617333448,1.03864314799654
1237663784744190591,22.6495176605168,0.529594728820476
1237663784207319506,22.6506272979542,0.039570423384802
1237663784207319270,22.6506706203627,0.029963514107377
1237663784207319509,22.6508927904568,0.167039634921356
1237663783670448980,22.6526349674482,-0.365425502183019
1237663783670448981,22.6528518253901,-0.41446521716044
1237663783670382880,22.5982471195384,-0.357041331889919
1237666407378584392,22.5994977874248,-0.488528760720521
1237663783133512374,22.5999174117344,-0.757335938895985
1237663783133512375,22.59999447987,-0.74429260142276
1237657071693857557,22.6005910594707,0.634923063944901
1237663783670383751,22.6014865736173,-0.314818737053037
1237663782596576130,22.4511742471163,-1.16035090152711
1237663783133446892,22.4526000639442,-0.639703632672077
1237663785280930397,22.4530333831097,1.04558197988063
1237657071156921328,22.4530661108037,0.251613304289079
1237663783670382909,22.4534422064272,-0.227408145403074
1237657071156986624,22.4537239955586,0.322181646679838
1237657071693857153,22.4537631642224,0.633837092361277
1237663784207254502,22.4538641181543,0.0784507696792294
1237666407378518507,22.4545705695415,-0.468711201846948
1237657071156986940,22.5825169347077,0.417580858192517
1237663784744125733,22.5825897986479,0.575570452546994
1237663784207254858,22.5842702619019,0.184871234049704
1237657071693857989,22.5843172010085,0.666387529820138
1237663784207254904,22.5845265277969,0.188790966377024
1237657069546373425,22.5847537120851,-0.956656032677113
1237663782596641327,22.5848477815725,-1.23597773625335
1237663783670383312,22.5850888895241,-0.234946301727825
1237657071156789790,22.0771782034261,0.253896130193979
1237657071693660391,22.0774903186584,0.764659047483651
1237657069546177254,22.0791023442628,-0.977313347779168
1237663783133315809,22.079105006867,-0.64832031882047
1237666407378322281,22.0800880246434,-0.619721689759885
1237663785280995858,22.5695391022186,0.861283159245528
1237663785280995859,22.5698702679485,0.875042853093572
1237663784207254846,22.5701502548969,0.184799309269663
1237663782596641309,22.5710345939703,-1.22470022611847
1237657071156986521,22.5711544676468,0.413127314300659
1237663783670383781,22.5714028524806,-0.315583693825448
1237657069546373417,22.5718853045551,-0.902254794350831
1237657069546373681,22.571922055929,-0.864704004771064
1237663783670383570,22.5723649327067,-0.293277085595176
1237663783670383678,22.508125468653,-0.261991233745672
1237657069546373373,22.508364865083,-0.853168017690484
1237657069546374058,22.5088939650956,-0.934300174310261
1237657070620115777,22.508970138334,-0.200223172542019
1237663783670383107,22.5099839805721,-0.245844880737713
1237663784744125071,22.5101773406785,0.617089866677293
1237678617427641056,22.3709153898409,1.18621728044029
1237678617427641057,22.3713585518358,1.19248294670795
1237657071693791688,22.371643180632,0.833115036290748
1237663785280930620,22.3718155267537,1.0093680192917
1237663783133446666,22.3723914130614,-0.808600373306073
1237663783670318082,22.3726818462822,-0.266964338799109
1237663783133446668,22.3731680898231,-0.662183270660063
1237666407378453145,22.3736680772453,-0.456616118639006
1237663784207188711,22.3741582401858,0.031374681783978
1237663785280930265,22.3742098140453,1.00772816499769
1237657071157051952,22.6933659145712,0.352514870228864
1237663783670448684,22.6937102633388,-0.300994655625846
1237663783133577796,22.6939044247161,-0.825295020169534
1237663784207320350,22.6946375858304,0.0549601199972758
1237657071693923244,22.6946671261508,0.649335472280525
1237663783670448688,22.6947442216912,-0.289740235941055
1237663782596707141,22.6773346703787,-1.19271278624739
1237663784207319620,22.677483761901,0.15417048152866
1237663782596706849,22.6777737948579,-1.18913011473389
1237663784207319624,22.6779491727356,0.15849105751525
1237663784207319623,22.678290265618,0.0515493258423311
1237657070620180986,22.6787801708443,-0.172688069863936
1237663784744191109,22.6792775620008,0.613913852168526
1237657071693922837,22.6804165836668,0.649891058705633
1237663784207320119,22.6805085070653,0.118448888586078
1237657069546438852,22.6805599537938,-1.025862691831
1237657070620180995,22.6813277422297,-0.165417006296565
1237657071693923228,22.6814106267454,0.695422428361887
1237657069546439124,22.6322668426507,-0.865484958483363
1237663782596707070,22.632452939526,-1.25153387816147
1237663785281061767,22.6328510420994,0.929585985483753
1237678617427771934,22.6331071584069,1.13258802374805
1237657069546439125,22.6332204084757,-0.964229381856461
1237663784207319460,22.6341514703034,0.0502159858294355
1237663785281061769,22.6342501840382,0.951608526320738
1237657071693923156,22.6345697470111,0.643149696435058
1237663783133577673,22.6349374524937,-0.676715192569939
1237657071693922700,22.635206126166,0.646062532598176
1237657070620180841,22.6353282934989,-0.177791314356906
1237657069546439607,22.6359279488398,-0.872988169556444
1237663784744059867,22.3344168336658,0.609687398503746
1237663784207189141,22.3347882527157,0.181654105354525
1237657069546307952,22.3349664284403,-0.971626471325074
1237663782596575983,22.3356844847679,-1.11218011867382
1237663784207188507,22.3358153743893,0.128387190439051
1237663784207189358,22.3358250929596,0.137093299429537
1237657069546308214,22.3364108168232,-0.883999356652711
1237663784207188510,22.3366437729127,0.0873339556400244
1237678617427640532,22.3371333789945,1.13167391852617
1237663783670317384,22.3380687055056,-0.276982359336336
1237657071693791982,22.3380833525791,0.738160953128975
1237663782596576193,22.3381011737918,-1.23513188774063
1237663784207188518,22.3385388404598,0.0908402796363303
1237663782596641099,22.4666480518568,-1.22050164225268
1237663783670382779,22.4669866320345,-0.225785812435117
1237663782596641401,22.4675959396669,-1.10364569457104
1237666407378518872,22.4680896396732,-0.571933067780946
1237657070620115253,22.4681739370379,-0.174834228065388
1237663783670382977,22.4696531005509,-0.232201684339208
1237657070620115259,22.4700728954913,-0.0894176153724697
1237657069546373763,22.470249913737,-0.971529960052346
1237663782595789600,20.6351569615935,-1.05636764220734
1237666339727606360,20.6361906289243,0.34936514520946
1237666339727606361,20.6363218711395,0.374764640288615
1237666339190735162,20.6373609365421,-0.153405937836718
1237666339190735980,20.6376196016752,-0.112480570861118
1237663782596707470,22.6643687886712,-1.15216629213739
1237657071693922542,22.6648032254326,0.755902187085951
1237663782596706817,22.6648189462535,-1.23499843332365
1237663785281061786,22.6658073776906,1.000729973899
1237666407378584179,22.6658252313329,-0.448599355292897
1237663782596707499,22.6660354100904,-1.14900479037282
1237663784207319563,22.6661655685351,0.046075452541284
1237663784744191085,22.6661790330077,0.575675993635241
1237666407378584493,22.66659649369,-0.458039096632631
1237657069546374110,22.5864371764619,-0.938766709787141
1237663782596641634,22.5875598901341,-1.25717549252333
1237663785280995889,22.5876824870356,0.869117172119427
1237663783670383742,22.5879411209819,-0.302416506732446
1237657070620115629,22.5891021424003,-0.00719721679067283
1237657071156986558,22.5891192018344,0.260671423361735
1237663783670383325,22.5896548582169,-0.243910670606083
1237657069546373970,22.5904967106671,-0.954002186967937
1237657071693857969,22.5744072425164,0.726099760876864
1237657069546373946,22.5753510776606,-0.903515960090972
1237657069546373945,22.5754912752072,-0.949049474782152
1237657071693595557,21.9920288867024,0.74821037411048
1237663784206992395,21.9920398133675,0.157557594304574
1237666407378321829,21.9922645148126,-0.480762986175981
1237657072230466476,21.9927297786624,1.07998654541707
1237666407378322213,21.9930881416045,-0.483629775866336
1237663784206992110,21.9931758628889,0.171140333225586
1237663784743862718,21.9939733075745,0.608696991197816
1237666407378321652,21.9942360846027,-0.583733523810464
1237657071156724447,21.9945168023564,0.250432585660871
1237663783670121660,21.9946503493507,-0.388901462268089
1237663785280734272,21.9948753216554,0.854958780568354
1237657072230465800,21.9949103093001,1.07457618653626
1237657071693857688,22.5118411410992,0.62846928756292
1237663784744125085,22.5126853581207,0.625560608135756
1237663783670383116,22.5138121844146,-0.269797303219187
1237663784744125948,22.5140918066535,0.496504384566495
1237663784743928346,22.1099674094275,0.55630506778193
1237663783670186952,22.1104134097036,-0.226655716622976
1237663784743928347,22.1104930262621,0.449490265870005
1237663783133315944,22.1106268187653,-0.673339733079821
1237657069546177291,22.1111713239072,-1.02424860834566
1237663782596444972,22.1111757905406,-1.08780019001967
1237663783670186954,22.1113490314068,-0.344150941402062
1237663782596445188,22.1114338712787,-1.11855060198639
1237663783670187125,22.1117630802633,-0.356197446929599
1237657071156790412,22.1119597489399,0.210179239957165
1237663782596444677,22.1124481281119,-1.14968481901527
1237663782596444975,22.1126446326091,-1.24973648187094
1237666407378387113,22.1133317155191,-0.581274674632784
1237657069546177561,22.1133641110785,-1.01267847923219
1237657071156986401,22.5242171908459,0.263583484055804
1237657070620115974,22.5243507017919,-0.0493374415000625
1237657071156986706,22.52446084623,0.382831699637245
1237657071156986404,22.5245044976717,0.235131398740544
1237663783133512189,22.5246488847459,-0.722895503466093
1237663782596641526,22.5247906816221,-1.15631788694298
1237657070620115444,22.5252718572344,-0.126322285815041
1237657070620115976,22.5254718103001,-0.155913498957713
1237663204923998915,22.525781597774,0.839528081423503
1237678617427706940,22.5264412460575,1.23998689975739
1237663785280996171,22.5266922956647,1.02165778740582
1237666407378519077,22.5270881189639,-0.51058521162632
1237663783133512483,22.5272696362091,-0.726068960814874
1237663783670383656,22.4850623516113,-0.37511769423975
1237663782596641143,22.4856205213849,-1.25442384388337
1237657071157117660,22.8627626078029,0.264819744991005
1237663782596575807,22.4032704332648,-1.2038752078881
1237663785280930323,22.4041125833295,0.958445182207145
1237663782596576074,22.4051180067695,-1.12321166903108
1237663784207188859,22.4052860181501,0.046288860403724
1237663783133446758,22.4054119721313,-0.752678827057284
1237663783670317576,22.4056864847987,-0.408809680571678
1237663785281192772,22.9407709586509,0.847106062770032
1237657071693791519,22.3110831845482,0.799414925165812
1237663783670318163,22.3112716888988,-0.355031156418848
1237666407378452990,22.3117147774156,-0.613455939521072
1237666407378453333,22.3128237741015,-0.563292607703613
1237657070620049673,22.3131449684413,-0.0586020364385722
1237657071693791527,22.3131806556417,0.8277260501751
1237657072230662419,22.3134936429555,1.11415399240143
1237657070620049675,22.3137253853609,-0.135491796475266
1237666407378452995,22.3142712652557,-0.618613369811357
1237678617427575457,22.3144681732019,1.15542997440665
1237663785280929836,22.3147006142984,0.893225317596428
1237663784744059284,22.3148200118685,0.623927149484572
1237657070620049676,22.3150091248784,-0.139072045939481
1237663784744060211,22.4351202556388,0.603561846724803
1237663784207189439,22.435339481325,0.0365707529705526
1237663784207188973,22.4368830091946,0.0338290211283068
1237663784207188978,22.4372443796504,0.0451821779204063
1237663784207188981,22.4374325695334,0.0299656736989664
1237657069546308131,22.4377731021892,-0.989317103171658
1237657070620050373,22.4378578276821,-0.134468254963182
1237663784744059733,22.4381432092212,0.593493681619491
1237663785281061296,22.6531552256947,1.02294996549344
1237657072230794169,22.653723276908,1.05104404324175
1237666407378584474,22.6539084343426,-0.499196803800657
1237657071157052455,22.6539616612868,0.416183885138584
1237663782596706569,22.6541124173446,-1.14400109455514
1237663784207319516,22.6552251700112,0.0364957176916464
1237663785281061306,22.6559747688311,1.03048554351036
1237657069546439416,22.6561612277604,-0.973205722219243
1237657071693922536,22.6565175648319,0.67430820839051
1237657069546373624,22.5420102761308,-1.04225010276737
1237663785280995793,22.5421209661375,0.934250821255948
1237663782596641249,22.5425325416459,-1.15124199631315
1237663782596641794,22.5429815919738,-1.20727817211042
1237663784207254276,22.5439833321177,0.0767108274278539
1237657070620115837,22.5447759411041,-0.157055196523194
1237663783670186711,22.128589536219,-0.395638283284882
1237657070619918536,22.1288394700458,-0.18647375846515
1237666407378387434,22.1289225779175,-0.533280178393716
1237657071693660793,22.1291742548393,0.803772842146818
1237657071156789549,22.1294264365906,0.393860892417265
1237663784743928404,22.1294473330951,0.598904132553097
1237663783670187220,22.1296814432285,-0.275546324594772
1237657071693660797,22.129727571129,0.651967278437064
1237657072230531666,22.1301476573652,1.12656753105535
1237663783133315998,22.1302341961432,-0.705720293439883
1237657070620246683,22.8946039217591,-0.194995872239717
1237663784207385783,22.8948918476759,0.170839271588372
1237678617427837626,22.8951293726265,1.21220480778101
1237666407378715756,22.8952237251918,-0.559004962941466
1237657070620247101,22.8954501137923,-0.18727628222055
1237663784207320444,22.7126759641226,0.0684164945827178
1237657071157052350,22.712756834171,0.212416381936397
1237657071157052499,22.7140347903326,0.339738116018984
1237657070619919120,22.095926116394,-0.0935225384599632
1237663783133315887,22.0960497352707,-0.673052935535219
1237666407378322301,22.0967126389367,-0.505261352105566
1237657071693922993,22.7237439537616,0.654584580596419
1237657072230793837,22.7241165326546,1.07248358613273
1237678617427772642,22.7242014484107,1.25806582262538
1237657071693922998,22.7242343621347,0.664191312791353
1237666407378649459,22.724341491663,-0.455223012868083
1237657069546439692,22.724535166755,-0.934533749981075
1237663783670449095,22.72458986932,-0.376877387051157
1237657071157052065,22.7248225499042,0.214251858605649
1237666407378649462,22.7249443907639,-0.543002519726828
1237663784207319815,22.7250044343272,0.089124244776741
1237666407378519115,22.4959466628224,-0.485137446731946
1237678617427706897,22.4960744694972,1.2409740150207
1237663784207254066,22.4963154164902,0.00721829136611082
1237666407378519130,22.4963231987784,-0.568208459716777
1237657071156986326,22.4965569624441,0.233550979777605
1237657071156986327,22.4970622933372,0.272287369094396
1237666407378518925,22.4975936230171,-0.480119653415689
1237666407378518630,22.4978356081726,-0.433470621972841
1237657071156986182,22.4979660261342,0.314516311305449
1237663783670383475,22.4981068351798,-0.233125117502192
1237663784207254073,22.4982651480478,0.208455516822966
1237663784744125574,22.4989842735443,0.558814664423319
1237663784744125050,22.49933662964,0.564789114511632
1237663782596641475,22.4994718505069,-1.17006816905645
1237663782596641742,22.4996740717782,-1.1437867692565
1237657071693857280,22.4997546319086,0.630437234164345
1237657071156855254,22.224148694427,0.276294132706484
1237657072230597310,22.2242147902542,1.07246002403779
1237657069546242942,22.2243655987708,-1.04763052987198
1237657072230597312,22.224807850756,1.07981239478229
1237657071693726807,22.2260308579281,0.744942229105748
1237657071693725966,22.2261534367893,0.651603174706845
1237663782596510124,22.2267598710099,-1.13597640143784
1237657070620050396,22.357825174547,-0.022698677137505
1237663784744059410,22.3579588050679,0.504690090557067
1237663784207188152,22.3591445490504,0.0874578787187659
1237666407378453121,22.3592763597275,-0.462630781419882
1237657071693988319,22.7848157568588,0.793761126562429
1237666407378649913,22.7849018057702,-0.525720975590621
1237663785281126820,22.7854334683784,0.905374955316366
1237663783670514107,22.7854501969619,-0.384334788196942
1237663784207385589,22.7855213586977,0.0924774869601404
1237657069546111761,21.9357389849848,-0.991580924034834
1237657071156724216,21.9374016702106,0.360403289925492
1237666407378256593,21.9374833267384,-0.521685635943163
1237678617427772551,22.7686114980397,1.15090653825859
1237663785281126784,22.7687487767267,0.920845146856283
1237663784744256639,22.7688803924682,0.621246118146084
1237663783133643207,22.7703989964716,-0.83009466030885
1237657069546504949,22.8649855678809,-0.948623027423488
1237663783670514790,22.8662358684976,-0.343996494385659
1237657071693988572,22.8663532349059,0.809725434234584
1237663783670514309,22.8671786088095,-0.227618998945681
1237657070620246594,22.8676361099212,-0.102679133478395
1237663783670121551,21.8730423456461,-0.232754016867768
1237666407378256369,21.8734876341958,-0.56398566284755
1237663783670121552,21.8739999495759,-0.390674538060152
1237663783670120799,21.8742761571709,-0.381756943373979
1237663785280733987,21.8743822304263,0.871301284250213
1237663785280733574,21.8744902492668,0.863599736741991
1237663784744256277,22.8159211687139,0.57957641435924
1237657071157117482,22.816130639574,0.393553926394161
1237663784744256278,22.8163748239695,0.476479610322929
1237663783133643074,22.8164569229015,-0.643484488319043
1237663782596772324,22.8170874365322,-1.11429724184798
1237657069546504622,22.8172655273449,-0.995011543129202
1237657071156920887,22.3743387428328,0.414188324273075
