objid,ra,dec
1237667783392428328,234.992986466108,15.5669372844803
1237668366922481938,234.98829564545,15.2175974949023
1237667783392428242,234.920591509031,15.5451164175461
1237668366922416391,234.800169099048,15.3367987628186
1237668366922547298,235.077815980865,15.194802171165
1237668366922481814,234.923604510423,15.353659581982
1237667783392363145,234.799699559454,15.5665518201441
1237668366922416181,234.83349307813,15.3843793414562
1237668366922547546,235.054703693013,15.3025665264065
1237667783929364689,235.186954317348,15.8438539034104
1237665565542056155,234.860346827787,16.1723003102538
1237667783929299097,235.016852512432,15.9802680799797
1237665565542121703,234.988756254077,16.116094893109
1237665565542187015,235.03717849721,16.0536169295614
1237665565542121565,234.999856735453,16.0494796364284
1237667783929299200,235.086058701903,15.9464336677888
1237667783929299179,235.092819111087,15.9647294724796
1237668336321232913,234.916603591965,16.2696514839615
1237667783929233602,234.890382329872,16.0240877392695
1237667783929168190,234.823108477076,15.9065331276636
1237665565005250907,234.830635871985,15.8476719854375
1237668336321167429,234.856925373862,16.311751735615
1237667783929233773,234.980289827507,15.8963472468111
1237668336321167833,234.818760484504,16.3758237247487
1237668366922612945,235.192334173059,15.1989437305689
1237667783392559148,235.228899706076,15.384367716944
1237667783929430143,235.268441907759,15.7518309834212
1237667783929364726,235.164556822794,15.7595085885332
1237667783392559867,235.242114605854,15.4141141002855
1237667783929364706,235.178504706082,15.8236235019811
1237665565005512965,235.374754531587,15.4513129177363
1237668367459483892,235.349283358097,15.5067457093921
1237668367459418810,235.171213900335,15.5744696570503
1237667783392493868,235.11795832485,15.4215539935717
1237668367459483848,235.328414843067,15.5489346408674
1237667783392559173,235.234723116351,15.3121311328121
1237667783392493625,235.083452183673,15.4261441156147
1237667783392559245,235.16719814267,15.3890485844853
1237667783392493836,235.114841521757,15.4662048559311
1237665565531046128,209.022627708551,22.4438125012548
1237665565531046163,209.053125062405,22.4305397035324
1237667910602981611,209.204416753474,22.3532088757903
1237665564994240795,209.044801149161,22.1405499972433
1237667911139852476,209.309048459057,22.7315388222626
1237667911139917943,209.425662175004,22.7384517536474
1237667910602915987,209.032787638438,22.4204172990486
1237665565531046139,209.064754538494,22.5703948467623
1237665565531046115,209.037698851422,22.6412650721138
1237667911139786975,209.121014789361,22.6990163323536
1237667911139786951,209.062589352953,22.6568307851936
1237665565531111567,209.166751895641,22.4340569486353
1237665565531046110,209.02591812169,22.5742658901967
1237667911139786999,209.115638038778,22.6509872608881
1237665565531177134,209.353481634072,22.5851247840882
1237665565531242639,209.417392454037,22.5271196885037
1237665565531046143,209.069773289513,22.5853413076396
1237665565531177095,209.302184059314,22.5419565778866
1237665566068048044,209.378031329015,22.8613914229195
1237665566068113527,209.50826957381,22.900153079728
1237667911139852441,209.315830950541,22.7857150963766
1237665566068048057,209.40966413177,22.9832423080193
1237665566068113507,209.497185568661,22.9654261165556
1237665566068048011,209.339397782913,22.8331961038254
1237665566068113536,209.529883514517,22.9349670504847
1237665566067982470,209.266042781,22.9398059195915
1237665566068047926,209.414444678299,22.8464045660172
1237667911676723421,209.38194785729,23.1781043879528
1237667911676788834,209.469058057683,23.0899089187343
1237665566604853519,209.344455623546,23.2589986651084
1237665566604918886,209.435856471875,23.2992672608546
1237667911676723387,209.327820467599,23.1799223475821
1237667911676788890,209.50377032295,23.0011260567814
1237665566068113459,209.59601514021,22.8879992188176
1237667910602850500,208.791329394079,22.2930908318972
1237667910602850402,208.774771166247,22.2785476256541
1237667910602850336,208.827446646233,22.4311823122975
1237665565530915011,208.736025199865,22.5143412550666
1237667910602850384,208.777643800013,22.4345379212742
1237665564994175087,208.898242114222,22.1681856111478
1237665565530980580,208.744638678036,22.4943648490041
1237667910602850417,208.813807344852,22.3227736667893
1237665565530914996,208.732036570793,22.639850228449
1237665565531046069,208.986778588965,22.5364268817269
1237667911139721321,208.828215598989,22.7217714426228
1237667910602850392,208.775478556651,22.3902225743367
1237665565531046056,208.964906363237,22.4893974957071
1237665025985282320,202.878782745848,34.3842057147458
1237665129087172782,202.589579503004,34.1984572293792
1237665025985217009,202.754203553517,34.4937625532843
1237665129624044311,202.801350451476,34.6526494649875
1237665129623978445,202.547517366576,34.6320960650263
1237665129087173419,202.737514160088,34.2768385905861
1237665025448215208,202.39666805783,34.1139384039478
1237665025448281010,202.548675274694,34.0400377390651
1237665025448280560,202.472530046746,33.9698234264525
1237665025448280394,202.459354024905,34.1412320245814
1237665129087041725,202.361376777778,34.3586218694478
1237665025985085990,202.43779990765,34.5609363771218
1237665025985020745,202.321377496901,34.5029189037777
1237665129087042323,202.338179515906,34.2544043523817
1237665129087107643,202.433598349286,34.3351888794272
1237665025985085717,202.510392687239,34.4681419726637
1237665129623912992,202.389290701782,34.6564829839346
1237665025985085933,202.397339579115,34.5172501998403
1237665128013431450,202.484751394696,33.4623963131388
1237665128013496486,202.551978049642,33.3693766286434
1237665128013431587,202.530566738143,33.3925823836473
1237665024911474909,202.596752903175,33.5592094245682
1237665128550367805,202.695110436044,33.7690273259893
1237665024911475115,202.53493304347,33.5503808972406
1237665128550302704,202.570473287091,33.8082184855678
1237665128550302574,202.642544725354,33.8293531687535
1237665024911409790,202.472426013496,33.7068180471016
1237665128550302253,202.541370406463,33.8920314691391
1237665128550302658,202.500505028996,33.8009476153846
1237665025448149468,202.146369415511,34.1631794400059
1237665025448214943,202.303569271838,34.1239866344622
1237665025448149749,202.24502764354,34.1173549012707
1237665129087042244,202.305986704353,34.2423253456232
1237665025985020379,202.217000976641,34.5687709304333
1237665025448214779,202.29340044565,34.0851703995804
1237665129087042057,202.256811293064,34.3017767006824
1237665129087042176,202.27685377311,34.2288010675238
1237665025985020067,202.262062297686,34.5133871393586
1237665129087041991,202.225784071327,34.276136014578
1237665025985020407,202.223380823804,34.5381543899009
1237665025985020298,202.171255207105,34.5047956238557
1237665025984955210,202.163247990415,34.5393352345247
1237665025985020908,202.224977966236,34.4401041274622
1237665129087041583,202.233934261072,34.3616665256029
1237665129623912801,202.294179799785,34.6374758799888
1237665129086976598,202.109369410984,34.3591576114718
1237665128550040403,201.94956026863,34.0203705289852
1237665025448149557,202.147710900256,34.0105294915918
1237665129086911323,201.979489107131,34.2637044853414
1237665129086910812,202.002048912336,34.3630011208313
1237665129086911246,201.986544971963,34.4125395046966
1237665025984955064,202.109343189492,34.5765921470365
1237665129086911202,201.964062390237,34.3764736397592
1237665025984889611,201.980862156639,34.5450875005648
1237664853104394770,207.619176649427,35.177385736157
1237664853104460165,207.76695317954,35.1718174891191
1237662684142764186,207.764393503288,34.9834634476435
1237662683069022634,207.550029028048,34.2293395727285
1237662683605893416,207.716531323082,34.5841698469573
1237662683069022577,207.474530661653,34.0820970206236
1237664852030653135,207.488846977755,34.2732022604096
1237662683069022673,207.521371140878,34.0481789372076
1237665129625813740,207.587262321918,33.8763668983417
1237665026523791840,207.512556370199,34.0068436668904
1237665026523791749,207.468420757946,34.0211065088091
1237662683068957214,207.457636718142,34.1175959704948
1237662683605827999,207.480838876825,34.6177861915742
1237662683605828143,207.565245914987,34.6469234022135
1237662683069022588,207.528999865513,34.2372828952391
1237662684142633511,207.438417160281,35.0890174494203
1237664852567458492,207.343567786797,34.8242729058231
1237664852567458442,207.3105515849,34.7675291199328
1237662684142567631,207.244261798897,34.9819670383092
1237664852567457881,207.385018864584,34.8252827243451
1237664852567458093,207.443230817954,34.8401737159106
1237662684142568186,207.343080023214,35.0921255681354
1237664853104329175,207.410496980226,35.161440328258
1237664853104263860,207.309149513655,35.1958508061105
1237662683068957282,207.359191557899,34.2244569292918
1237662683068957047,207.356554125771,34.2057023454991
1237664852030587238,207.166936774959,34.4149814562177
1237665026523726368,207.402025003985,34.0319850058656
1237662683605697202,207.201649447257,34.6061517647919
1237664852030587352,207.21226243182,34.3554922135075
1237662683605762695,207.326572213227,34.5774275947586
1237664852030587407,207.270622384639,34.4465309257485
1237664852030587291,207.210779398429,34.4596750578415
1237662683605762730,207.350910755008,34.6259237897997
1237662683605697236,207.231707156828,34.665460452101
1237662683605697201,207.235763710055,34.7273594452079
1237664852567393076,207.241684508848,34.8236023187405
1237662683605697008,207.146304052736,34.6906330678575
1237662684142568279,207.197417179611,34.9905642073268
1237664852567392537,207.153731655295,34.9239739157913
1237662683605696826,207.067653739402,34.6454610884949
1237662684142567850,207.230651591282,35.1397417569954
1237664853104198410,207.195637112361,35.2443584412648
1237664853104198303,207.144034669499,35.2169280874813
1237662684142502074,207.031215946122,35.123869606497
1237662683068760690,206.904939310124,34.2433709695902
1237664852030456469,206.895720438445,34.4070906917436
1237664852030521869,207.079306363848,34.4289239828746
1237665026523529839,206.834590425349,34.1201748197331
1237664852030456751,206.911527852506,34.548565174668
1237662683605631567,206.975588436318,34.628436273941
1237662683605631472,206.945310979905,34.643990125827
1237664852030390835,206.772961102898,34.5887274928452
1237664852567327654,206.902683697756,34.8095740156403
1237662683605631147,206.964643787411,34.6676362210139
1237662683605566101,206.817452649696,34.6217450388497
1237664852567326887,206.909267190942,34.8478712188497
1237662683605565507,206.827034908934,34.7682969775366
1237664852567327161,206.969552442685,34.9858892190187
1237664852567261743,206.837763365771,35.0152673116839
1237662684142436487,206.993842543378,35.1401815412852
1237662684142371434,206.787158144962,35.2021583355814
1237662684142370986,206.773303837777,35.0962411928495
1237662684142436902,206.909321235643,35.1248643299042
1237662683605565651,206.857688679925,34.6748694604334
1237662683068630023,206.552416591824,34.3635549331923
1237662683068694541,206.591568655639,34.3004231467785
1237662683068629907,206.521385513988,34.4333302593528
1237664852030325852,206.630084174599,34.5292775545164
1237662683068694748,206.725177209124,34.2046061299374
1237664852030259986,206.411810643455,34.4687863827525
1237664852030391123,206.741754717095,34.5923391552126
1237664852030325384,206.576930771928,34.6007348462653
1237662683605500249,206.544761662202,34.6872085911659
1237664852030325285,206.529415044041,34.5804326176983
1237662683605500534,206.597229531991,34.7099835502609
1237662683605500827,206.563546545666,34.65757632094
1237664852030325258,206.52796798406,34.610880031793
1237662683605500897,206.66220269642,34.8080569115221
1237662684142371255,206.701058719578,35.1820578111376
1237662684142305991,206.617842210213,35.1521873201466
1237664852567196116,206.576334238498,34.9484701882852
1237662684142371172,206.630031475275,35.0793092396666
1237664852567065089,206.282755743299,34.9840955705458
1237664852567064706,206.272728941914,34.920617416423
1237664852030259672,206.384924511492,34.5229570019872
1237662683605435028,206.523818819743,34.8288760313117
1237662683605369248,206.225400554518,34.8630928755121
1237662684142240548,206.420781670423,35.1591257808058
1237664852030193873,206.194933718632,34.7000857871915
1237664853640741486,206.340697187216,35.9039336570784
1237664673256636821,206.263374828449,35.7329399071213
1237664853103805357,206.085402450275,35.5417879678334
1237664853103804451,206.114945557061,35.5906197630148
1237662684679111274,206.485064289617,35.5386124818374
1237664672719765884,206.062926659878,35.1967091567975
1237662684142305450,206.495625764185,35.2568019908511
1237664853104001708,206.666220670405,35.3303322306901
1237664853640806608,206.4883565942,35.8059558537702
1237664853640872299,206.608207071632,35.7401769784719
1237662684142305891,206.597194180488,35.2878278793462
1237664853104001643,206.649670502142,35.3558774328032
1237664853104001497,206.573174827469,35.3219554273385
1237662684679176542,206.594641068706,35.6478123079391
1237662684679176767,206.707566457027,35.6369585040808
1237662684142371253,206.709768907878,35.2131655069076
1237662685752918811,206.834195040838,36.4695106559231
1237664673793442469,206.23570274515,36.0256679496653
1237664673793507640,206.342589726988,36.1150015000275
1237662685215981961,206.679463747885,36.0785807307179
1237662685216047669,206.774603998899,36.0857044364109
1237662685215982103,206.573943684286,36.0918880632644
1237662685215982184,206.582120308636,36.0219749962796
1237662685215982391,206.673447580441,36.0039897635975
1237662685216047531,206.71030483844,35.9991396378414
1237664853640807132,206.607942529342,35.9017173934082
1237664853640872723,206.804336897565,35.8139478504894
1237662684679176832,206.751442353656,35.6700359099881
1237664853640937806,206.780121956628,35.6954366414743
1237662684679176896,206.769883923482,35.6547771496462
1237664853640938128,206.922557026933,35.7354628483524
1237662684679242355,206.885591487475,35.5276476581386
1237662684679242268,206.832401254946,35.4913075233786
1237664853104132480,206.910462072412,35.4042634793159
1237664853104132475,206.902028103825,35.3798650681593
1237664853104132632,206.946898322684,35.3197476680258
1237664853104132523,206.903597594723,35.3238434216626
1237662685752918852,206.8611438954,36.3734958655897
1237664854714614015,207.004690391782,36.5161465380455
1237664854714613804,206.898649964375,36.5827203000529
1237664854714614001,206.970101291909,36.5671326130072
1237664854177742856,206.81927870677,36.3186080267366
1237662685216047828,206.835514969908,36.1044550095975
1237662685216113043,206.89767121433,36.0748943968203
1237664854177743571,206.798534703119,36.1157558017993
1237662685216047857,206.828596292367,36.0249338832261
1237662685216047763,206.780125222223,36.031085861585
1237662685216047886,206.8454841945,36.0480252317255
1237662685216047883,206.820239266933,35.9610912307859
1237662685216047840,206.789467886933,35.9074108382656
1237662684679308102,207.110227819494,35.6024434911596
1237662684679373125,207.124942757111,35.4825544494499
1237664853641003706,207.093642457587,35.6370225313728
1237664853641003556,207.043816320136,35.7153044625955
1237664853641003222,207.119370587134,35.7369199046224
1237662684679307951,206.976588868507,35.5783868714163
1237664853104132863,207.062061422457,35.412192124871
1237664853104198147,207.114656934064,35.3173272497706
1237664854714745519,207.364431996591,36.5016955839115
1237662685752983882,207.026058467066,36.4737053442465
1237664854714679769,207.084763122841,36.5202931930832
1237662685753114995,207.387787670632,36.2982602811319
1237664854177874896,207.248553085324,36.0355671435048
1237664854177874446,207.12500467897,36.106647280372
1237662685216113298,207.012102833241,35.9835381284125
1237662685216179170,207.143444638036,35.9188143349599
1237662685216178685,207.080713902753,35.8833724763248
1237662685216178604,207.051488962272,35.8826426091474
1237662685216178929,207.19103441713,35.9034431521177
1237664853641068643,207.302056215211,35.7271459715462
1237664853641003237,207.165504550908,35.7759964069216
1237664853641068964,207.180035181866,35.6939668510325
1237662684679373635,207.274189119184,35.4958827471196
1237662684679438700,207.306251332771,35.4846329855086
1237662684679438793,207.316266252755,35.4094403156453
1237662684679373653,207.2880216951,35.4743926426312
1237662684679373360,207.234029893725,35.4245249646044
1237664853104263424,207.251736399685,35.2705534967461
1237662684679373409,207.248173300618,35.4010278846088
1237664293687526115,207.412560255434,36.7386032164377
1237664293687525625,207.443123093474,36.7177482866203
1237664293687591381,207.505859873896,36.7427428588027
1237664854714810992,207.55253399239,36.602690120704
1237662685753115258,207.529327438548,36.3497221690608
1237662685753180591,207.575545862149,36.286993515478
1237664854178005695,207.594597237771,36.1321204226416
1237662685216244521,207.346177639988,35.9561532636663
1237662685216244568,207.386359604603,35.9075161578908
1237662685216375111,207.586562931557,35.8263631345264
1237662684679438854,207.371763546038,35.5541899903798
1237662684679439001,207.404192659932,35.5483866161345
1237662684679439045,207.393894253301,35.4692870000763
1237664853641134153,207.472209831839,35.5839536498482
1237662684679504291,207.50201949804,35.4889892973527
1237662684679504625,207.575447243171,35.3438245224367
1237663915727848213,118.552773892655,49.5399318039773
1237663915727848212,118.758031526827,49.4638511148366
1237663548510700422,118.775828108009,49.3274608041974
1237663548510700019,118.816041513975,49.2574538780432
1237663548510700540,118.834497502761,49.2243604630366
1237663548510634788,118.72895417777,49.1677610049441
1237663531330765434,118.798478452091,49.1583076071208
1237663531330765386,118.830516121933,49.1142470508489
1237663548510634683,118.716857901802,49.1234534248042
1237663531330700287,118.803518502724,49.0312182119508
1237663531330700221,118.772674078165,48.9842441592351
1237663531330699711,118.677918923938,48.9675146155913
1237663531330699856,118.748811610632,49.0005965601998
1237663531330699917,118.916015061509,48.9606532725153
1237663531330634384,118.712474574576,48.8746414827395
1237663547973698167,118.855470979873,48.8014593712343
1237663531330568245,118.708384289232,48.6777256685396
1237663547973567225,118.712083071359,48.6315527105142
1237663547973567392,118.718298111704,48.6120933018673
1237663547973567310,118.647811445839,48.5336367449454
1237663547973501832,118.762705419703,48.4407015731738
1237663547973501768,118.617806264066,48.468934701512
1237663547973502040,118.586468190076,48.4998669066837
1237663547973501687,118.717461928519,48.3892628042602
1237663915727913732,118.872985391136,49.5701597858902
1237663915727913576,118.823633752075,49.521026527876
1237663548510830940,119.063813814428,49.5219707270187
1237663548510831344,119.048973263054,49.4863740283508
1237663548510765653,118.849430964394,49.3485060522206
1237663548510700411,118.828797020126,49.3056111437704
1237663531330765675,118.870657270706,49.2318789392313
1237663531330765625,118.889288564221,49.1997804561477
1237663531330765575,118.912293785834,49.1692372675693
1237663531330831221,119.019922715764,49.3006062612079
1237663531330765553,118.967342861099,49.1362792563314
1237663531330831388,119.103355762382,49.1654208366663
1237663531330700310,118.85853603516,49.0270940406327
1237663531330700058,118.923234322718,49.0195529439578
1237663547973763416,119.078398721347,48.9610514590836
1237663547973763900,119.073404747941,49.0025973148684
1237663547973698490,118.995443783833,48.869505087614
1237663547973698397,119.067343544027,48.8058509820033
1237663547973632833,118.969498920399,48.6617990539695
1237663530793697926,118.996041052423,48.5540042015901
1237663530793632816,118.970165116829,48.4830917647447
1237663530793763888,119.184576908791,48.6276251557505
1237663530793697848,119.096738104019,48.4810399757356
1237663531330896561,119.247422483002,49.3401156147839
1237663547973960278,119.340579613768,49.3163954551095
1237663531330831135,119.159460084188,49.1982689478215
1237663547973894973,119.391121481505,49.1923874879873
1237663547973895459,119.220087797433,49.199326039723
1237663547973894961,119.497330279584,49.1477697079967
1237663547973894690,119.239198519138,49.1563043545435
1237663547973829397,119.209788124507,49.0987272623819
1237663530793960146,119.52218890976,49.0897476749998
1237663530793959884,119.516212786181,48.985863951433
1237663530793894197,119.412088148248,49.0216726212782
1237663547973763347,119.204900915604,48.9118818878241
1237663530793894182,119.437997823129,48.9881503652006
1237663547973763904,119.27032579771,48.9246363463788
1237663530793829243,119.508595529423,48.7763487545971
1237663530793829066,119.419389453786,48.7586675485753
1237663530793763683,119.202904701585,48.7105310930031
1237663530793763458,119.236344933323,48.6130281250318
1237663530793763148,119.237333022562,48.7428518695578
1237663547436761187,119.483416704361,48.4478978008196
1237663547436761576,119.414316594137,48.3995658276003
1237663530794025625,119.669858506046,49.1408958062364
1237663547437023753,119.856471933799,48.9296542389252
1237663547436958522,119.726230954762,48.9305842920785
1237663530793894897,119.577487472218,48.8862876308819
1237663547436958311,119.647402991792,48.8622263213396
1237663547436958336,119.837202280218,48.7974791935487
1237663547436892871,119.759576921178,48.7022134707982
1237663547436892778,119.542457749683,48.7538570865695
1237663547436827456,119.557062226082,48.6576945429657
1237663547436827101,119.590380150179,48.4913383883083
1237663530256958134,120.020672255587,48.5889174128555
1237651191889986159,120.29343183933,43.4305204219972
1237651191889986088,120.30001621042,43.554023609486
1237651192426922567,120.000977291222,43.7584733680874
1237651252017889904,120.231306593641,43.5420212607603
1237651191889789704,120.012105127197,43.1222239966115
1237651252017889888,120.172260579692,43.5642461681519
1237651252017889910,120.012559950969,43.6569212771219
1237651252017692762,119.687983061494,43.2988677577966
1237651192426660618,119.617059931261,43.3429496952907
1237651271882637390,119.749117629544,43.8258272281254
1237651271882506822,119.517476487416,43.5595106124918
1237651252017693258,119.755410709303,43.2684748591268
1237651252017496628,119.341851050578,42.8624808343174
1237673706653483517,119.451924870859,42.828632901549
1237673310967300607,119.317799187476,42.6848281318676
1237651191889592883,119.481168239327,42.7406534245022
1237673311504237299,119.494697380506,43.119398210012
1237673706653614544,119.829164232981,43.0551153890037
1237673311504237223,119.448241388185,43.1574091476368
1237673706653483587,119.452385786584,42.9773181138548
1237651271882310295,119.231742718127,43.2544909736915
1237651192426595015,119.475422445187,43.231614117986
1237651271882441434,119.469231529085,43.4929359414304
1237651271882440761,119.405042976469,43.4245248160419
1237651271882441512,119.448862359135,43.5329333237649
1237651495220216272,119.290828953193,43.7555453157449
1237651495220151061,119.175106057855,43.6640942697915
1237651495220151069,119.129050328574,43.6891211614175
1237651271882507098,119.49054885173,43.5394641943892
1237651252017496693,119.32023596709,42.8990565223807
1237673310967235021,119.101874747666,42.5900867281759
1237673311504171881,119.284384365561,43.0304525883983
1237673311504106254,119.156050968282,42.9890820398697
1237673310967170061,119.040996764381,42.6392717249286
1237673310967169797,119.010787339323,42.6585368869225
1237673311504106368,119.022008117426,43.0775683272143
1237673311504106076,119.036618858981,43.1547220909612
1237651495219888898,118.724715871063,43.1642873890186
1237651495220084873,118.968172354764,43.5962565454141
1237651495220085514,119.028077850677,43.5832827671113
1237651495220085371,118.922057930132,43.5477241149021
1237651495220084770,118.917814933551,43.5030244869152
1237651272419312518,118.949918742799,43.7257931735619
1237651272419312190,118.782075354555,43.7287021274316
1237651495756956543,118.516933298773,43.6523869382365
1237651272419312334,118.830901864853,43.8005107529563
1237673310967169247,118.949412256242,42.6899302926799
1237673311503974938,118.546574691758,43.0719041810785
1237673310967038676,118.644017373968,42.4991095290244
1237651192426332985,118.993871653249,42.7447004923163
1237673311504040794,118.880779429878,42.949874067232
1237673310967104056,118.785533696156,42.5214394306355
1237673311504040683,118.948795832432,43.0086241244386
1237673311504040468,118.805545072321,43.0969345819072
1237651495219823478,118.574808187577,42.9218148939017
1237673311503975125,118.674621651357,42.9546356091977
1237651495219889115,118.773149688535,43.1618162965961
1237651495756891181,118.518102043663,43.6055375578406
1237651272419115158,118.441596131837,43.4356568189335
1237651495756956056,118.440837762495,43.7273852545878
1237651495756891143,118.383636559068,43.620553437613
1237651495756891014,118.45073590821,43.6665717650856
1237651495756890886,118.449567165373,43.6107828889928
1237651495756825534,118.336812119915,43.5542136537183
1237651495756891170,118.413384552002,43.6416716019638
1237651495756825497,118.335530476288,43.5343441129131
1237651495756759851,118.320737056136,43.3483911901071
1237651495756955954,118.518710809698,43.7687961104807
1237651495756890995,118.413065329203,43.6759910160303
1237651495219888507,118.596812519877,43.1579900430197
1237673310967038820,118.550309336028,42.602653504581
1237673706653156254,118.435791989843,42.7534531085969
1237651272418983952,118.334359043507,43.0092623830421
1237651495219888659,118.505882206224,43.1274603152066
1237651272419050188,118.360318220936,43.1984419280242
1237651272418984104,118.404697277776,43.1274282569788
1237651495219822600,118.502724252038,42.9524190603277
1237651495756759998,118.268062915785,43.2745656156173
1237651272419049629,118.553752192975,43.2243370776235
1237651272419115493,118.483049871002,43.2933074115023
1237651495756759222,118.103758588312,43.3128137582734
1237651495756759504,118.274382410923,43.3235719768849
1237651495756825231,118.159641046945,43.4665324430714
1237651272956051817,118.207162482437,43.7470335425021
1237651272956118006,118.324681825775,43.797714359052
1237651272418984761,118.221927755675,43.1710583937212
1237651272418919013,118.248893499038,42.9120464608433
1237673706653090599,118.260437722192,42.6815874291861
1237673706653090325,118.289045991521,42.7478981141888
1237651495756759618,118.193424510303,43.2838824512852
1237651495756759682,118.110313015513,43.3566650122849
1237651495756563253,117.947023661069,42.9747497313962
1237651272955986758,118.121952247317,43.5809430844306
1237651495756759107,118.063531497361,43.3752001961686
1237651272955986383,118.134729566455,43.6174949113675
1237651496293696279,117.913338609405,43.6646479025051
1237651272955920975,117.995192774603,43.3449238745285
1237651272956051974,118.105916333138,43.7376343546135
1237651496293696389,117.913972456797,43.7255828070041
1237651495756563068,117.932163036368,42.8885470082711
1237651495756563377,117.90949710931,42.8935453463209
1237673706652959469,117.904993427744,42.6613984182953
1237673706653024780,118.045508163147,42.661146449293
1237651272418853190,118.02164731256,42.8471611553513
1237651495756563190,117.898602478315,42.9710871221901
1237651495756562924,117.928391552218,42.9370183811813
1237674650466648730,182.49411440465,0.0463451163501576
1237651735221305769,182.733721980458,1.48761412065931
1237651752400781831,182.498301926008,1.29332449766507
1237648722842485577,182.664995169048,1.09588470511589
1237674651540456030,182.624439535942,1.01504706691888
1237648722842485531,182.65383691054,1.07831348721083
1237674651540456280,182.561422032599,0.948628347370531
1237674651540455777,182.55273064458,0.92165824786298
1237674651540455889,182.584799764237,0.954391388324334
1237648722305614387,182.566348043623,0.815694579858438
1237674651003585371,182.551544043947,0.512099261280038
1237648722305614591,182.629003978451,0.655962205258786
1237648721768743255,182.614625478444,0.399148502921611
1237674651003584912,182.57530895471,0.455131464015482
1237674651003585247,182.677366162253,0.527504437019614
1237674651003650542,182.708684268365,0.494173890369252
1237648721768743155,182.590507431718,0.391909684110003
1237648721768743671,182.628464958474,0.379122172602548
1237648721768743802,182.672542507945,0.279310657943278
1237648721768808923,182.705638595189,0.307872199154822
1237674650466714299,182.660430799049,0.144607329884553
1237648722305614511,182.60976068175,0.798315366839291
1237648722842550974,182.793362793942,1.21532663792807
1237648722842550451,182.784244693264,1.19551225347106
1237648722842551035,182.820327550938,1.14168962589223
1237674651540521146,182.75956535554,1.02731142096073
1237674651540521469,182.770892249185,0.949284966097505
1237674651540521544,182.798372333824,0.93527553656369
1237648722305745376,182.83078943094,0.661857472316798
1237674651003650634,182.755625130106,0.597663180312444
1237674651003650324,182.829165004318,0.626736111923258
1237648721768809345,182.82470068398,0.413178146614249
1237648721768809098,182.760419453806,0.317111801955474
1237648721768808765,182.772672130382,0.243653659077818
1237648721768809261,182.803471768381,0.286511154164066
1237674650466780071,182.711879661022,0.0512530982532154
1237648721768809421,182.703759155394,0.217488518225073
1237648722842616431,182.917615318848,1.08738695565764
1237648722842615929,182.85603290484,1.12393851994941
1237651752400978699,182.894518392083,1.33918194257982
1237648722842616076,182.85423345937,1.15246758153919
1237648722305745470,182.863200215958,0.76260015285359
1237648722842616397,182.905664262577,1.15261002252678
1237648722305745703,182.938311963111,0.82594514186616
1237674651003716044,182.8702892908,0.615710836653829
1237674651003650910,182.837027766515,0.576100536083248
1237674651003716300,182.95231201664,0.583463396421051
1237648722305810930,182.999536440483,0.657398478895864
1237648721768874504,182.829516324571,0.357720285594453
1237648721768874437,182.921822386553,0.396870428930254
1237674651003716261,182.945070687344,0.444278924631399
1237648721768874611,182.874353387227,0.333558287632639
1237648721768940489,182.982287748376,0.365578602726614
1237648721768874763,182.917453310199,0.22100200241762
1237674650466845689,182.937602153478,0.127488845347371
1237674650466845442,182.961988007309,0.191600068769939
1237674650466780226,182.831010028263,0.073627752720872
1237651752401043822,183.00993777001,1.44632960391176
1237648722842615989,182.960181372911,1.19996852443039
1237651752401043780,182.979544100565,1.40022921284134
1237648722842681915,183.056675514815,1.15539386974169
1237674651540587403,182.961940520252,0.843350488187785
1237648722305745128,182.970253691456,0.811997687084276
1237648722305811307,183.12431679466,0.704037568992926
1237648705113751815,183.017134071089,0.570460668071332
1237648705113817525,183.06206587116,0.588207022334683
1237648705113817412,183.022280599863,0.489918944236491
1237648705113817516,183.057544179618,0.556100445219844
1237648705113817443,183.0333374475,0.54319037887445
1237648721768940074,183.007577601924,0.315229798486706
1237674650466779738,182.758379873625,0.0416838405983686
1237648721768939859,183.057175113341,0.242236106901351
1237648705113817676,183.115983732669,0.529127294815193
1237674650466845771,182.982319414772,0.134864291401217
1237648704576946443,183.030864018254,0.174557262449532
1237648721768940320,183.088801295829,0.242801598362381
1237648721768940707,183.112289611897,0.223174251692808
1237674650466845533,182.988942907779,0.179678224619403
1237651752401043904,183.055097560471,1.34135139313323
1237648722842682245,183.092684346118,1.23103004665352
1237648722842747395,183.183644598533,1.12780413784445
1237648705650688131,183.125060242493,0.997027976900407
1237648705650688476,183.126209176677,1.04396204482193
1237648705650688371,183.07733566649,0.849188180456636
1237648705650688382,183.083739153729,1.01608426545041
1237648705650688530,183.146473117875,1.02416590542474
1237648705650754056,183.271641427025,0.89316687794655
1237648705650753987,183.240171973529,0.994695062306831
1237648722305876341,183.141272485326,0.732578298768327
1237648722305876870,183.225376724331,0.675672273802241
1237648705113883046,183.249288936229,0.529571521074616
1237648705113883212,183.169604151509,0.559521264016197
1237648721769005542,183.130834572261,0.374527263811426
1237648721769005836,183.216720703464,0.407655785886175
1237648705113883250,183.204079105935,0.441932978863802
1237648721769005690,183.177567164337,0.303421745845256
1237648721769005794,183.20178135902,0.279975784006545
1237648704576946828,183.109003244224,0.0872454676562283
1237648722842812820,183.284880336483,1.20769598100836
1237648722842812968,183.339472302344,1.09849903492925
1237648722842812986,183.34363754697,1.17627687038858
1237648705650819549,183.385546845556,1.00470446706184
1237648705650819515,183.368712591233,1.03893935169988
1237648705650754031,183.261594677069,1.03685219284439
1237648705650819596,183.406856918639,1.0000364960663
1237648705650819422,183.320672389467,0.92410310409842
1237648705650819785,183.356168946286,0.973507639988017
1237648705650819434,183.324887478231,0.894527105387875
1237648722305941998,183.308899123541,0.825066558974647
1237648722305942314,183.417279670602,0.816505421113168
1237648722305942057,183.334786624714,0.657500303790536
1237648722305942166,183.371182495529,0.809470314911375
1237648705113883139,183.297999913117,0.544066817110773
1237648705113948455,183.323338048206,0.568434073009694
1237648705113948553,183.371722613682,0.562873470636758
1237648705113883144,183.301703537385,0.470340641641253
1237648721769071078,183.319309818565,0.419582624315163
1237648721769005990,183.259042535011,0.35132892271031
1237648705113948832,183.34230543339,0.436961218389305
1237648722842877978,183.469992420735,1.23783725851634
1237648705650884804,183.485378262351,1.03218267332581
1237648722842878681,183.571525414028,1.13512847799907
1237648705650884686,183.575093157815,0.994000557349119
1237648722842944071,183.615678607399,1.05209330234001
1237648705650885133,183.563518406563,1.03933066053269
1237648705650884888,183.602060269505,0.922805208829429
1237648705650885183,183.581196325596,0.913017001986264
1237648705650819579,183.401540225685,0.853219990612502
1237648722306007298,183.467457359056,0.794069665704497
1237648705113948658,183.418504927284,0.619131228820381
1237648722306007538,183.451098395268,0.636326398687918
1237648705113948708,183.44123122074,0.589380393545287
1237648705113948893,183.413891285317,0.517196621650607
1237648705114014142,183.52884869556,0.546130561458398
1237648721769137074,183.514318572727,0.230574552656183
1237648722306072873,183.595253412798,0.756236809824489
1237648722306138812,183.774066383391,0.662347325316241
1237648705114144892,183.861244617154,0.524263341562508
1237648721769201750,183.660188871456,0.347442206990056
1237648722306203941,183.97947310342,0.672637888889213
1237648705114210792,184.022891878409,0.462067390882183
1237648721769268155,183.868020559607,0.410122978634018
1237648721769268062,183.846202517425,0.315506224657626
1237648702967448323,185.616713172769,-1.1879695833014
1237650372094919417,185.401406428433,-1.27676687628367
1237648702967447934,185.580926494444,-1.20158863005858
1237648702967447977,185.600971583515,-1.15452312598001
1237648702967447666,185.640366936184,-1.16689637989091
1237648702967382559,185.494277955167,-1.19168115069485
1237648702967382575,185.498892041701,-1.10522214638842
1237648702967382718,185.544333636178,-1.16186358644562
1237648702967447992,185.606663946169,-1.06485908755581
1237648702967382095,185.498576656235,-1.13355805756902
1237648702967383003,185.561658275601,-1.05230783330735
1237648702967448042,185.63352498219,-1.0513273400096
1237648720159506905,185.670961638555,-1.03866355066578
1237648720159506937,185.687861287178,-0.899522516957548
1237648720159507291,185.681113250003,-0.916320168163965
1237648720696377784,185.690370500663,-0.624675870480894
1237648703504319024,185.670240410198,-0.815331157561189
1237648721233380313,186.10681834386,-0.163323882008442
1237648721233314406,185.883445756602,-0.19215698747436
1237648704578192212,185.94037689069,0.117251797729229
1237648702966661686,183.875061956314,-1.07473989760958
1237648721233445687,186.251981252092,-0.138433652805117
1237648721770250544,186.081870050276,0.218464449103339
1237650372094853927,185.286434464508,-1.25592078256928
1237650372094853700,185.29416394459,-1.39090560875714
1237650372094853558,185.247469595442,-1.35911233094703
1237648702967251488,185.261354384721,-1.2350181148295
1237648702967316892,185.347194132772,-1.21883247819637
1237648702967316801,185.290258548124,-1.09277700401544
1237648702967251204,185.233010489355,-1.13810911125331
1237648720159310371,185.299899914451,-1.04482667351397
1237648720159375885,185.379482391247,-1.03239778209122
1237648720159310498,185.354870768462,-0.935957371759753
1237648720159310504,185.354102946329,-1.00536600523273
1237648720159375859,185.372448419583,-0.941438014117792
1237648703504253649,185.474971478755,-0.763127187682646
1237648703504253130,185.508170146385,-0.775416169610404
1237648720696246939,185.426098820228,-0.61834580103443
1237648703504253310,185.444066866858,-0.774157085389421
1237648703504188122,185.37513856264,-0.778082840391552
1237648720696246845,185.395245382598,-0.608550397032981
1237648720696181732,185.343900795386,-0.515976180068536
1237665429181104637,237.889676236238,19.5048445833174
1237665534930190976,237.926270114292,19.9145776272638
1237665534930191084,237.889879184559,20.0865347044829
1237665534930191264,237.933373832626,19.8964865888775
1237665371722088906,237.895338167162,19.7435786702678
1237665371722154270,238.011658118717,19.7384193265741
1237665371722154413,238.029348790667,19.7455786338828
1237665429181104600,237.885120374507,19.5311059714356
1237665535467061311,238.039189440333,20.2963070199739
1237665429181104826,238.020066115179,19.5989866162502
1237665429181105207,238.036040645703,19.5670782629712
1237665442070201004,237.782901924263,19.3918814140853
1237665442070331942,237.980276543247,19.2568188180102
1237665429181104232,237.982518041464,19.4205499859714
1237665442070266444,237.961655677792,19.3597181120774
1237665429181104509,238.003781951394,19.5030129827195
1237665442070331987,237.99456204618,19.2413422146404
1237665442070266141,238.005636021229,19.3730224330917
1237665442070397728,238.222726325454,19.0972237109925
1237665428644299832,238.008701037805,19.1431452410524
1237665442070332152,238.04757401356,19.2186943037491
1237665428644364901,238.041522008659,18.9867299203305
1237665428644364942,238.079070144248,19.0393932019571
1237665442070332464,238.052913276769,19.2865051820885
1237665428644365361,238.103910365923,18.9734285935016
1237665372258960347,238.182514125536,20.106095843485
1237665371722219983,238.154244052601,19.6777459282696
1237665371722220045,238.183100170251,19.673489335315
1237665371722220450,238.221321434981,19.6472670568274
1237665371722220062,238.137560458386,19.5639748123679
1237665371722220173,238.19506317038,19.5553068492965
1237665428644364887,238.098781944638,19.1120698803956
1237665429181170338,238.133287296101,19.4432760076608
1237665429181169878,238.136086576071,19.4086763143032
1237665429181235920,238.305992202799,19.4901441570839
1237665442070397415,238.159284706605,19.2386687318157
1237665442070397614,238.198084205419,19.1265149609681
1237665429181235720,238.217940940823,19.4599947510746
1237665429181236098,238.299032312608,19.3226571014964
1237665442070463088,238.285496826017,19.0475536361455
1237665442070462997,238.297813403951,19.168994015231
1237665372259025586,238.295107733471,20.1443956049062
1237665535467192840,238.317408985384,20.2211868421929
1237665372259025004,238.255716458939,20.0563434528929
1237665534930387783,238.259265039519,19.7711087139675
1237665534930387813,238.247521521994,19.7103154234404
1237665429181235712,238.236710149197,19.5048658435625
1237665429181301632,238.408875031834,19.4441913087593
1237665429181301180,238.362547398522,19.3920575967533
1237665429181300873,238.375004383211,19.3659007289298
1237665429181301205,238.309419046717,19.2610337599787
1237665442070462786,238.32230756728,19.1950561480014
1237665429181301710,238.393777959132,19.2695535465187
1237665442070528601,238.443418116855,18.9829009463615
1237665442070463092,238.327491190203,19.134419598562
1237665442070528488,238.39951492765,19.0023619027737
1237665442070528587,238.447355044246,19.0089223612453
1237665535467193088,238.431705797931,20.2658593358353
1237665372259091159,238.367140381768,19.9963034682679
1237665534930387676,238.356485935747,19.6965904127985
1237665534930452942,238.401212433974,19.7033693660955
1237665534930387732,238.410172896728,19.7536289597138
1237665372795896638,238.449150322795,20.3502883237409
1237665371722285739,238.364151246758,19.499888593865
1237665534930518548,238.567439699233,19.6002084940185
1237665371722351627,238.521706001911,19.4895278894099
1237665429181366809,238.442085042921,19.2551163507312
1237665442070528901,238.48545320742,19.1015584470424
1237665442070528658,238.498902838404,19.0428166499785
1237665535467257879,238.522405100106,20.2649662722201
1237665535467323734,238.618639717935,20.0229353655569
1237665372259222466,238.729863321658,19.8887427129288
1237665535467324250,238.746695739054,20.1080467914369
1237665535467324008,238.648326035211,20.1173901303303
1237665534930518419,238.641400528246,19.6667117110706
1237665372259156787,238.595931981192,19.9060601799767
1237665372259156079,238.59517543917,19.885781720986
1237665534930519036,238.660705322067,19.5320552943069
1237665371722351672,238.574523290391,19.5113170276886
1237665534930518642,238.629158152824,19.6144381610405
1237665371722417061,238.637746429185,19.4069431984247
1237665442070659686,238.723396073066,18.8990660579553
1237665429181432398,238.67179925178,19.2431492319116
1237665442070594475,238.675736919505,19.0166879477065
1237665429181367249,238.621741420177,19.2903361782899
1237665429181432325,238.67626658501,19.3134717474674
1237665429181432616,238.711329912692,19.1157607463208
1237665429181367171,238.627920660495,19.3587604279066
1237665371722482525,238.75789425434,19.409989230244
1237665429181432358,238.697245285546,19.3222448008074
1237665442070659563,238.695536965634,18.9213271635692
1237665372796093007,238.795385981282,20.2597514053192
1237665535467388956,238.808548751538,20.0909614591489
1237665535467389456,238.854158170801,19.9991010314041
1237665372796093363,238.910202018328,20.2158268838441
1237665535467455284,238.931050417863,19.9591996518991
1237665372259287785,238.904223393318,19.8602307153141
1237665372259353107,238.914156075429,19.7515851409872
1237665372259287828,238.8474334846,19.7019922846301
1237665534930584213,238.85230127722,19.6238030172216
1237665534930584571,238.8324361293,19.5354777749291
1237665372259353348,238.988191893925,19.6809398376004
1237665371722482090,238.786401022833,19.4472992392265
1237665371722547545,238.879272496066,19.261823510102
1237665534930649696,238.864786838389,19.5003314198772
1237665429181497897,238.779699350174,19.1473940819016
1237665429181498245,238.91664019447,19.1755166142894
1237665371722548177,238.952091573664,19.2948525457595
1237665534930649721,238.866108143981,19.4815820691821
1237665534930649746,238.898743727858,19.5213362270759
1237665442070724921,238.982896452831,18.8972801445239
1237665429181629012,239.059192314286,19.0048646333956
1237665429181563881,239.034510997794,19.0509608813574
1237665442070660061,238.803745174576,19.0277971546281
1237665535467586130,239.204344205787,19.9005889442874
1237665535467586303,239.223970224303,19.8153608298974
1237665535467455273,238.944889379567,19.9865599450444
1237665535467454789,239.005232754001,20.0287777529761
1237665535467520225,239.122161802055,20.0067685614978
1237665535467455549,238.973163426757,19.8712463111868
1237665372259353441,239.026990471569,19.6909493806537
1237665372259484227,239.182187870172,19.6322769061608
1237665535467521036,239.173661195766,19.9117108106402
1237665372259483771,239.225343625175,19.5817064180763
1237665371722613216,239.091774754288,19.2884355704974
1237665372259484830,239.285702213781,19.5215755426905
1237665371722678817,239.146214626452,19.1538356623648
1237665429181628906,239.092312363826,19.1543861169915
1237665372259484655,239.14734617545,19.5477652941952
1237665371722744520,239.314543687503,19.1966502409308
1237665534930846674,239.29502984828,19.2670027325681
1237665371722679274,239.243433912064,19.1333080599193
1237665429181629315,239.179999864905,19.0264742918934
1237665429181694541,239.184052278155,18.9331496190199
1237665429181695067,239.294921109106,19.0671961029997
1237665372796289824,239.297931718285,19.951019371999
1237665372796224478,239.201024916468,20.0219047650021
1237665535467586770,239.223867632556,19.8471143608159
1237665535467520410,239.201210266905,19.9290531631091
1237665535467586482,239.295064057523,19.8353267038034
1237665372796355493,239.43813743762,19.8635474748251
1237665372796420704,239.481606125785,19.8513757593308
1237665372259484592,239.34030649911,19.6234693342624
1237665535467651962,239.382302503868,19.7285508941348
1237665535467717212,239.545094488297,19.6162273457239
1237665535467651781,239.384611307571,19.8463920750011
1237665535467652067,239.399784971492,19.7061946031987
1237665372796420148,239.50713322153,19.8602958360798
1237665535467782855,239.640738643435,19.6428382606823
1237665372259615414,239.521365121347,19.4686988493943
1237665372259615287,239.529668247085,19.5690737190576
1237665534930911920,239.494878553197,19.2947783059997
1237665534930912084,239.509508081761,19.1865126393381
1237665372259615366,239.480921225463,19.4200735073409
1237665371722744375,239.346302932995,19.0810418279999
1237665429181694851,239.341940158221,19.041967969072
1237665371722744197,239.407835748021,19.163029754514
1237665371722810342,239.518305014648,19.0919466885403
1237665371722810319,239.475469338423,19.0279429552727
1237665372259680470,239.668626562315,19.472111768397
1237665535467783050,239.702046311105,19.6097972320752
1237665372259615107,239.622579625715,19.4728625456469
1237665534930977978,239.678517793729,19.1502619819731
1237665372259746550,239.795468612139,19.2843598209348
1237665372259746463,239.792848548516,19.3822115931365
1237665534930912106,239.561800929641,19.2660347469367
1237665371722810372,239.51523344097,19.0625279257819
1237665534931042423,239.798695533452,19.2039922992254
1237665371722810133,239.544283737313,19.016262942172
1237665534931042756,239.801628485263,19.0867844859056
1237665549436191361,237.42704555232,17.648990583349
1237665548362515169,237.316058545862,16.9209971800513
1237665567690392423,237.355424088612,17.1456274395232
1237665531185136575,237.473851518486,16.9345854589094
1237665567690392256,237.310373428821,17.1900772224925
1237665531721941090,237.529208657732,17.5463009440765
1237665548899385724,237.517300071293,17.2689789989179
1237665549436256811,237.550976867315,17.5790802008632
1237665548362449806,237.169672460859,16.9937761375645
1237665548362384778,237.107309885652,16.9798711793168
1237665531184939491,237.056291603508,17.1002796560615
1237665548362449611,237.142086241283,17.0375483454419
1237665567690326653,237.144497528731,17.1843073305331
1237665548899189731,237.125622699335,17.4710593907801
1237665548362383792,237.12048263498,16.9960053782915
1237648722828788197,151.317525532162,1.22899305146937
1237648722291851836,151.190250541565,0.802474235211058
1237651752387084999,151.173258972701,0.86325075977617
1237648722291917358,151.333874393484,0.784600582765928
1237648722291851852,151.194139192326,0.753545000323575
1237654670809891237,151.222524391791,0.436874692615673
1237654670809891526,151.233810970734,0.498251832193851
1237648721754981118,151.227756757087,0.390873406278343
1237648721755046563,151.334431382803,0.338854159077123
1237648721754981090,151.217618304742,0.36424664845535
1237648721754981089,151.216945953916,0.260397299197201
1237651801234670058,151.298687587521,0.133633726718279
1237654670809891476,151.3533946542,0.425772840317175
1237651801234670358,151.290767723979,0.188852426006915
1237654670273020137,151.275558689074,0.0861754442847937
1237648721755046292,151.243924852337,0.372225401764523
1237651801234670391,151.318394858923,0.165383867629055
1237651752924086624,151.399432332399,1.35284090070768
1237651752924086779,151.493112404169,1.2752574497759
1237648722828853268,151.433485518241,1.11123520113631
1237651752387215954,151.423710046836,0.841612571944398
1237651752387215928,151.394665751997,1.03028877836701
1237648722828853642,151.437140145894,1.08542247106694
1237648722828853620,151.420559259103,1.1728757827563
1237651752924086685,151.428135015482,1.42678866396993
1237648722291982913,151.483867060938,0.637580770401446
1237651801771606536,151.426953401192,0.547325414576164
1237654670810022298,151.51716912685,0.507045093329871
1237648722291982835,151.449217424856,0.670112962196156
1237651801234735149,151.406761101674,0.137051992582565
1237654670809956885,151.405847063035,0.446418154379274
1237648721755111439,151.397030595163,0.332754985693235
1237651801234670061,151.300721788565,0.103981595355025
1237654670809956972,151.441404836288,0.422417761639154
1237648721755111633,151.418363442189,0.416757391895563
1237648722828919428,151.67509104057,1.19067041915867
1237651752924152166,151.544811397148,1.34686730644023
1237651752924152242,151.571111921608,1.38031319047951
1237651752924152565,151.565904065901,1.32120738923816
1237648722828919560,151.600543536416,1.20783286786919
1237648722828918948,151.598501139473,1.23425561852035
1237651752387281123,151.544400550686,0.867653362157981
1237651752387281401,151.622976952806,0.849380184151484
1237648722828919195,151.56812085612,1.07183024650098
1237648722292048272,151.540957361984,0.80082314974146
1237651752387281590,151.57831888027,0.933342914930476
1237651752387346949,151.704341262828,0.845996696233872
1237651752924152314,151.606380930738,1.28663154108309
1237648722292048705,151.559618244953,0.796156230448079
1237648722292048735,151.575301853,0.730984843976331
1237648722292048232,151.667247173519,0.745281151527263
1237648722292113713,151.708811184106,0.777729799217895
1237648722292048378,151.575914972562,0.670639579049889
1237648722292048448,151.608756847022,0.644473967247277
1237651801771672094,151.587955706678,0.557544169947692
1237654670810088117,151.698067399383,0.493886304928138
1237648722292113545,151.71027968895,0.706184482897393
1237651801234801209,151.630748890934,0.119379174574637
1237648721755177748,151.611106117428,0.217199641232287
1237651801771672517,151.668491034436,0.52425627815792
1237651752924152473,151.671566347431,1.28879477325953
1237648722828984731,151.717605582334,1.17149442344522
1237648722828984772,151.733961922844,1.1898427756644
1237651752924217865,151.722599595712,1.32210975553303
1237648722292114007,151.76365054911,0.78966482206147
1237651752387347459,151.822929542123,0.96569172887895
1237648722828985193,151.802948947054,1.15467740406642
1237651752924217833,151.702004891591,1.27840129093348
1237648722828984730,151.717347627452,1.08873731976738
1237651752387347457,151.81965500699,1.00779618063208
1237651752387347100,151.785659976642,0.878221308015171
1237651752387347438,151.817707310565,0.909968136376491
1237651802308608923,151.796051423542,1.04572564096934
1237651752387346623,151.793550217977,0.988161758728039
1237651752387347414,151.808130583984,0.932215921096757
1237651752387347131,151.795273325665,0.963051998439551
1237651752387347067,151.765431273375,0.968347020161574
1237648722292114041,151.775476981028,0.719009484022933
1237651801771737545,151.716735131662,0.540882081634101
1237648722292114137,151.816897407555,0.696313468917492
1237648722292114158,151.823056836163,0.669711760682834
1237648722292113929,151.735948798027,0.725447693544122
1237651801234932399,151.941058712602,0.144617928503964
1237654670810088182,151.739208083859,0.480497617598853
1237648721755242834,151.758341009851,0.273034063272894
1237648721755308702,151.928993870117,0.360269980543715
1237651801234932044,151.861724207992,0.19694934658093
1237648721755309052,151.935865223439,0.320309578420552
1237654670810153536,151.868494627224,0.48702703582593
1237651752387412258,151.852062791104,0.966769279258458
1237648722292244863,151.997276449259,0.806209307482952
1237651752387412290,151.889947884083,1.02615513660606
1237648722829050382,151.85364340116,1.20095953269839
1237651752387478194,151.982388353011,1.03123224798623
1237651752387543836,152.164277413118,0.911078377854589
1237651752387412434,151.973936832681,0.933643749741216
1237651752387412610,151.947259810911,0.954702367635208
1237651801771803451,151.97546117805,0.571911720525814
1237651801771802908,151.954399989856,0.572074270064887
1237654670810284583,152.145615448706,0.473244706538231
1237651801771868922,152.065751725188,0.57009899635387
1237648721755439589,152.143212290653,0.242416906531637
1237654670810284267,152.149299484994,0.440831559374966
1237648722292245108,152.00196250194,0.706313414680412
1237654670810219678,152.049332935594,0.429072850269707
1237651801235063279,152.168881792055,0.208490818386218
1237654670810284487,152.10829475986,0.435392949468323
1237648721755374014,152.099064519362,0.380912261985662
1237651801234997830,152.050837482292,0.107105030775017
1237651801234998040,152.126647663038,0.167564005029789
1237651801771933732,152.174132282845,0.59205920282751
1237648721755439806,152.221745045304,0.384988195838168
1237648722292244851,152.133301871516,0.673187965520732
1237654670810350023,152.320787759782,0.456946474080672
1237651801235063462,152.245746724914,0.154661139260435
1237654670810284379,152.188113264096,0.451121664265921
1237651801235128550,152.29774392436,0.116462165451672
1237651801235128943,152.415916399631,0.10545234533752
1237651801235128386,152.387715341293,0.19179360559223
1237648721219485760,154.356644997239,-0.164615717855373
