objid,ra,dec
1237665129093333419,218.74616762455,30.7164865531893
1237665129093333451,218.730493012152,30.6544034788442
1237665129093268037,218.6748095284,30.8613847952243
1237665129093333544,218.783142489466,30.6991473619298
1237665129630073352,218.62862816059,31.1750331429117
1237665129630138765,218.741368393926,31.1301391758923
1237665103286305220,218.568600213245,31.0755447426485
1237665103286370666,218.67792081207,30.9730096111811
1237665103286305567,218.59188681725,31.1200035684785
1237662695955235527,218.41234603383,31.3158686648265
1237662695955366382,218.713396418018,31.3095772388849
1237665129630008009,218.50512235064,31.2316214698988
1237662695955300789,218.504234299108,31.347404632103
1237665129630007901,218.479743570944,31.2636479007203
1237662695955300561,218.5597068054,31.4691003510127
1237662695955235634,218.476104778811,31.3587159895403
1237662695955235184,218.42857803495,31.3542689475322
1237662695955235464,218.402022420999,31.3498664970033
1237662696492172120,218.830059427905,31.7430933841322
1237665103286174416,218.327546877205,31.1368381783861
1237648720684778006,159.251547225369,-0.624888063941364
1237648720684843911,159.361312838319,-0.588560436002602
1237648720147907350,159.302443930442,-1.02217097973581
1237654668665946151,159.348030686604,-1.16057303345228
1237654668665880964,159.229702705403,-1.12111100743187
1237650371009774002,159.344289955448,-1.88138643836758
1237650805344764231,159.487879992094,-1.7369437000523
1237650805344764267,159.50383744907,-1.76165583318203
1237650371009839671,159.482536388312,-1.84123527799922
1237650371009839705,159.490186922882,-1.97981913303486
1237650371009840021,159.54126314379,-1.899542368132
1237650371546710396,159.466149512714,-1.46092584715234
1237650371546644973,159.385029569849,-1.55870781645816
1237650371009839848,159.544736752505,-2.04013284740333
1237650804807828066,159.405158068042,-2.06404752217897
1237654669202883222,159.458120797341,-0.787690216994555
1237648720684843794,159.43596356038,-0.580321563171867
1237648720147972852,159.432888350471,-1.01453988232511
1237650805881634862,159.528035346596,-1.29866812978457
1237650805881635369,159.523121996136,-1.26712451456275
1237650805881635022,159.456652971655,-1.27353344767703
1237650371546775912,159.600484910988,-1.61110219976401
1237650371546710659,159.58038760307,-1.4450789461398
1237650371546776002,159.63086862594,-1.50257351671421
1237650805344829673,159.581037582074,-1.82577430283061
1237650371009905391,159.684619463291,-1.85791425005638
1237650371009905094,159.587879811983,-1.92473507349077
1237650371009905341,159.671145915964,-1.92795489917793
1237650371009905542,159.595904001035,-2.01450058624187
1237648720148103235,159.725611028845,-0.922167662994011
1237654669739819628,159.733050769601,-0.400044577449631
1237648720148104047,159.700087804207,-1.03278018249052
1237654668666077708,159.684773179785,-1.06196459630861
1237648720148169217,159.782475473422,-0.894178270847103
1237654669739885052,159.803573298237,-0.367650670487448
1237654668666143049,159.746268855654,-1.16048704466455
1237654668666077892,159.655490304856,-1.1473698531745
1237654668666143140,159.802224694245,-1.23620791349456
1237650371546841809,159.768809413656,-1.51705501613946
1237650371009970556,159.731723671852,-1.84552877324183
1237650371546841859,159.81630970686,-1.52774509914457
1237650371009970697,159.774488096624,-1.97341696842844
1237650371009905492,159.719437735584,-1.91728897846987
1237650371009970772,159.808732445007,-1.84339868718908
1237650371009971013,159.768583381931,-1.99295128083745
1237650371009970764,159.802463855651,-1.92061025631507
1237650371009905480,159.714555570396,-2.00810706819207
1237648720685105631,159.958178990916,-0.486694395181874
1237654669203014232,159.882421130561,-0.631252216539623
1237648720685105991,159.942765101948,-0.584314353801344
1237648720148169551,159.789646088405,-0.954844226117206
1237650805881831785,159.970322923013,-1.33613516873569
1237650805881766471,159.847827075692,-1.26663248641005
1237650805881831512,159.922273063774,-1.29421794758672
1237650805344960699,159.928590764189,-1.78276991825777
1237650805344961106,159.974477053258,-1.66311187530266
1237650371546907105,159.970420695914,-1.56543307050616
1237650371546907179,160.003340569174,-1.55373997895404
1237650371546907140,159.98683116227,-1.52561718642977
1237650371546907165,160.00227801322,-1.4497677813167
1237650371009970385,159.825898879244,-1.92161021397307
1237650371009971131,159.848578088411,-1.94207660477908
1237650805344960747,159.883665638643,-1.69228566118733
1237650805344960780,159.903980715906,-1.802238787771
1237650371010036226,159.930959672625,-1.87185783493867
1237650371010036058,159.872687517106,-1.99482871157569
1237650371009970247,159.85479773988,-1.99860435002696
1237648720685105803,160.009369627058,-0.539232726270554
1237648720685105393,159.990176396601,-0.59807904728321
1237648720148234872,159.978154760924,-0.892462786626163
1237648720685105786,160.004536593231,-0.574617060268028
1237654668666208836,159.986133505585,-1.16756301318466
1237654669203079648,159.978963308265,-0.727987398011283
1237648720148300672,160.112542761072,-1.00227963908537
1237654668666274217,160.119151293469,-1.19477030302514
1237654668666274126,160.059835630818,-1.25358390483189
1237654668666274467,160.101029385848,-1.22956921821493
1237650805881897298,160.113447264169,-1.34857121403036
1237650805881897186,160.037523989698,-1.41039476699983
1237654668666274222,160.123889402077,-1.21988572277736
1237650371546972541,160.076384458169,-1.56947814661591
1237650371546972589,160.102470903059,-1.44419031014302
1237650371546972767,160.040199006308,-1.50030962747941
1237650805345026384,160.083089738188,-1.82923558458929
1237650371010101509,160.058291410575,-1.94232677397334
1237650371010101362,160.140261291951,-1.91843996074288
1237654669740081888,160.289583893554,-0.362812209415101
1237648720148366132,160.273379127796,-1.02476343957476
1237650805881962754,160.198908321175,-1.26663766211955
1237654669203210789,160.220660279327,-0.691724343676919
1237650805881897533,160.176652043806,-1.35976407920068
1237650805881897422,160.188623147958,-1.30638456119249
1237654668666339826,160.256681248861,-1.09901065005771
1237650805881897408,160.178195565181,-1.33165650435187
1237650805881962751,160.195275133499,-1.41051128660921
1237650371547038102,160.225585101994,-1.51415303009075
1237650371547038156,160.247809450542,-1.50465255691474
1237650805881962852,160.274091053487,-1.38553492237695
1237650371547038177,160.256925382685,-1.43453836284653
1237650371547038007,160.178550913622,-1.58158105772617
1237650371547037779,160.197640024476,-1.61662655833126
1237650371547038228,160.275236328244,-1.57471191930478
1237650371010166823,160.238036155667,-1.85583714640393
1237650805345091891,160.180742103819,-1.8024142716312
1237650371010102128,160.166536146947,-1.89049034236355
1237650371010166799,160.205474237589,-1.91508437563371
1237654668666405503,160.363241364392,-1.23238015926673
1237648720685236870,160.329031487142,-0.517628842355158
1237648720148431330,160.38721872465,-0.886886446176675
1237648720148431387,160.412526595749,-0.904386239664477
1237648720148365701,160.324664373408,-1.02952533224015
1237654668666339896,160.284136895178,-1.23273863269421
1237648720148431358,160.398404873402,-0.948914268582092
1237650805882028312,160.357434309752,-1.27893258053871
1237650805881963031,160.261189354645,-1.33524274254846
1237650371547103647,160.361068211272,-1.48663834935556
1237650371547038328,160.327635325655,-1.56211461037364
1237650805882028575,160.375601670928,-1.38590346540221
1237650371547103594,160.338998389319,-1.43563988401681
1237650371547103686,160.378578567056,-1.5194174441424
1237650371547103774,160.421694224485,-1.62072984080385
1237650371547103702,160.386935530743,-1.47114980919312
1237650371547104019,160.392010814788,-1.61685221255337
1237650371010232683,160.342692414885,-1.87813467747231
1237650371010232737,160.365341198998,-1.88611503080177
1237650371010232789,160.390023091064,-1.87385790973921
1237650371010232934,160.442628571629,-1.92260012127091
1237648720685368119,160.546287662353,-0.505329280657927
1237654669203341753,160.540921314384,-0.688426047153774
1237648720685302775,160.514777855462,-0.570109968414115
1237654669203341914,160.613075922589,-0.791208300088043
1237648720148496867,160.573351574605,-0.889580643697487
1237648720685302529,160.504169967233,-0.587559637099387
1237654668666470944,160.509695738086,-1.11676437601388
1237654668666405454,160.482641334129,-1.0959514770222
1237654668666470765,160.550275174805,-1.15600166250022
1237648720148496877,160.579445669582,-0.930874017774564
1237650371547168865,160.591663501689,-1.60836120306452
1237650371547169430,160.549050243488,-1.44991093717208
1237650371547169103,160.587507811689,-1.4582738698882
1237650371547169338,160.622343102099,-1.63285673782619
1237650805345223085,160.572956241369,-1.64726364375977
1237650371547234774,160.68833490894,-1.57184807726567
1237650371010298293,160.516605308087,-1.86371944509804
1237650371547234991,160.664041312352,-1.57703985280435
1237650371010298240,160.492867120438,-1.92236522889655
1237650805345223042,160.541983953004,-1.78075581176652
1237650371547234707,160.650972876112,-1.64785127834732
1237650805345223364,160.62123938345,-1.72512524615255
1237648720685367808,160.576091825616,-0.570492981574179
1237654669203407389,160.707282350094,-0.796494465904753
1237654669203407115,160.6455376234,-0.792747862411139
1237648720148562824,160.811126797772,-0.890033329339118
1237648720148628044,160.859186947172,-0.934470909298576
1237648720685433627,160.684361814524,-0.552631686708482
1237654669203472744,160.822730242946,-0.631722748824462
1237654668666536513,160.770005647175,-1.2097013217369
1237648720148628031,160.852220333958,-0.907074133730781
1237648720148628389,160.87972782415,-0.908117648084208
1237650805882290464,160.951187718494,-1.31926533835249
1237650371547234381,160.718718766563,-1.61076468959887
1237650371547300383,160.852020364983,-1.62153854647052
1237650805345354192,160.901823951985,-1.70042046811263
1237650805882290444,160.941443690578,-1.40744674978348
1237650371010429435,160.850211760311,-1.92440781021903
1237650371010429524,160.890545063046,-1.86662613805467
1237654669203472809,160.846244490957,-0.734652859697865
1237648720148693533,160.993842168654,-0.839825460291441
1237648720685498394,160.837313243371,-0.606926385446286
1237648720148693458,161.118036008823,-0.911892622453951
1237648720148628256,160.970379289441,-1.01177277008519
1237648720148693644,161.05855213528,-0.91986298440318
1237648720148693690,161.08572879274,-0.953698379090565
1237648720148759045,161.221976137423,-1.02684268876529
1237648720148693729,161.115546622535,-0.973919792933883
1237650805882290746,161.082489936504,-1.26818072813731
1237654668666798646,161.233663432011,-1.07486321379616
1237650371547366097,161.012302570623,-1.54889188704782
1237650371547431265,161.080938871072,-1.44924422539096
1237650371547431214,161.187675871216,-1.62584048205522
1237650805345419580,160.99319729611,-1.71958277671179
1237650371547430983,161.171935763107,-1.60789205211096
1237650805345419579,160.991683880521,-1.79731424353575
1237650805882355856,161.186757825551,-1.33839360173375
1237650805345419555,160.974648333445,-1.76962249636581
1237648720137290691,134.989576659322,-0.987470677774609
1237648720137290133,135.050576199982,-1.00906608877735
1237648720137225145,134.906534449484,-0.933926518794161
1237648720137289747,134.934305949399,-0.969623921793023
1237648720137225100,134.884614478361,-0.925776777807468
1237648720137289796,134.990072257513,-0.867131267428782
1237674460412576512,134.86942562365,-0.796752402857521
1237674460412576916,134.914865827,-0.779003779974489
1237674460412576487,134.840061454303,-0.767000076664965
1237674460412642438,134.89242543716,-0.652356999521205
1237648720674095950,134.891253528572,-0.500975272449509
1237674460949578430,134.90312783093,-0.350864038766246
1237674460949578512,134.873985093045,-0.265417127676946
1237674459875509121,134.696957990712,-1.2905746176375
1237650794604332100,134.598001285988,-1.23116981840551
1237674460412576440,134.849090458212,-0.818532389252779
1237650794604397250,134.680077239019,-1.19042026366682
1237650794604397339,134.739137645473,-1.19791593448642
1237673708793168601,134.733270766426,-1.03567177750728
1237650794604397029,134.706564471094,-1.10201538889855
1237673708793168472,134.674515038376,-1.03806123071245
1237674460412445639,134.639742676839,-0.910066710558715
1237650794604397177,134.794501538083,-1.11145661958223
1237674460412511164,134.756780215631,-0.892996348648486
1237674460412511230,134.759403693697,-0.864090096168186
1237648720674030672,134.740216797185,-0.538575977913394
1237648720674030218,134.682003494304,-0.544018550227842
1237648720674096022,134.782936187441,-0.57593517567594
1237648720674095743,134.782445690807,-0.502295428990503
1237648720674030404,134.74892525711,-0.553726585106164
1237674460949447660,134.742932529276,-0.453515560059362
1237674460949447450,134.676380484667,-0.462663147962751
1237674460949513007,134.781004258342,-0.399813180134459
1237674460949512884,134.687165275415,-0.336443768240849
1237674460949447124,134.656425149817,-0.374078372396062
1237674460949513002,134.751769489096,-0.353606442563216
1237673708793036933,134.558890780062,-1.28500864969914
1237674459875443461,134.482525408925,-1.37806278750166
1237650794604331984,134.535088829533,-1.16525469555136
1237650794604331445,134.600482803019,-1.07740673186984
1237674460412379230,134.505406469433,-1.07021994940123
1237674460412380075,134.50980339554,-0.97850387485944
1237674460412445507,134.572394766934,-0.901171738818141
1237674460412445439,134.584726884292,-0.968455687076561
1237674460412444727,134.517793509696,-0.883518500261716
1237674460412444911,134.615842321503,-0.873475116698864
1237650795141137607,134.5117475483,-0.827668193651304
1237650795141137554,134.480179571653,-0.735414059587458
1237650795141202570,134.529991210694,-0.689895485654814
1237650795141137299,134.497484354747,-0.682264093033912
1237648720674030093,134.626013150801,-0.605619290028433
1237674460949382134,134.579099164353,-0.498988806131428
1237648720673964988,134.59501371084,-0.58053353738987
1237674460949382055,134.547217945727,-0.498530056280153
1237674460949447440,134.589917398112,-0.331293932772012
1237674460949447436,134.605229893269,-0.35666383576702
1237650795678073557,134.571385477134,-0.331495246549986
1237650795678073431,134.530238468382,-0.277294610033231
1237650795678008404,134.497563269226,-0.281831838654355
1237673708792972128,134.443485090216,-1.3736459220909
1237673708792972035,134.38971071864,-1.33528702122681
1237674460412249090,134.299239751393,-1.2390828659194
1237673708792972013,134.427528436744,-1.40528060472211
1237650794604266662,134.468869690341,-1.21735092400036
1237650794604266393,134.487964075299,-1.16962479425233
1237673709329908930,134.348302892598,-0.957517828313835
1237674460412379776,134.412387122277,-1.02056232989615
1237674460412314492,134.375119787768,-1.06447232306876
1237674460412379649,134.372463837349,-0.958602027060779
1237674460412314791,134.389013572714,-1.07511582218751
1237673709329908114,134.366129874627,-0.917944317860243
1237674460412379267,134.472520666929,-0.965276835932825
1237673709329907943,134.397399615966,-0.904458384621388
1237650795141137544,134.474042679318,-0.761854871722385
1237650795141071510,134.364384773522,-0.795118302931085
1237674460949316603,134.433752213875,-0.576259866820622
1237650795141137228,134.472595680333,-0.650298090943978
1237674460949316672,134.469566711753,-0.593420954070907
1237674460949381601,134.469559113406,-0.449994597703953
1237674460949316070,134.46471534303,-0.56334033597302
1237674460949316127,134.390288057023,-0.547499140299929
1237674460949381792,134.446969466177,-0.50552271981469
1237674460949316545,134.381790617709,-0.524809587117055
1237674460949381912,134.444468276659,-0.421295359242948
1237648720673899583,134.378960182299,-0.427199956956186
1237648720673899184,134.363530314829,-0.44868728068081
1237650795678008089,134.389449601849,-0.407212446473931
1237650795677942963,134.363039622479,-0.371677818664383
1237673708792906961,134.236804250794,-1.39091222540238
1237673708792906595,134.256435093595,-1.40286989647111
1237673708792906106,134.203378876209,-1.35912574014886
1237673708792906683,134.272168752667,-1.36485675644352
1237673708792906736,134.24796068487,-1.31006529636187
1237673708792906617,134.216092005576,-1.32700004501606
1237674460412248598,134.239515951772,-1.1219073447024
1237674460412248674,134.215266587627,-1.24350909679859
1237674460412249038,134.269331367726,-1.21647773052709
1237674460412248921,134.232782089841,-1.24372420583021
1237674460412314723,134.303497452686,-1.0106978443133
1237673709329843179,134.250551757464,-0.982450926997076
1237674460412314276,134.293616016441,-1.11459776043222
1237673709329843258,134.251408637496,-0.946555270439924
1237673709329908547,134.319588958344,-0.927493926955471
1237673709329843479,134.232127853634,-0.904929133736589
1237674460949251004,134.320556996986,-0.666661922033689
1237674460949251229,134.259155730053,-0.630429048376165
1237674460949250884,134.269906140422,-0.648953384945453
1237674460949251282,134.279818807226,-0.592558252063753
1237674460949316343,134.311115654723,-0.534231241899778
1237650795141071178,134.267362767081,-0.798243838384037
1237674460949315979,134.330846156473,-0.497456393847874
1237648720673833705,134.192221989608,-0.453831371295113
1237648720673833148,134.277666544962,-0.463657614473448
1237650795677877281,134.194638780052,-0.348830219183446
1237650795677942774,134.298751326261,-0.309749037594209
1237674460412183359,134.128940026805,-1.32917591111091
1237674460412183251,134.057263156574,-1.28657337564146
1237674460412183712,134.061090756102,-1.25672210191057
1237674460412182931,134.137732089706,-1.24446295013305
1237674460412248772,134.146389909817,-1.17825902038295
1237674460412183599,134.100310385412,-1.13201995307638
1237674460412248916,134.206511514386,-1.20723505761913
1237673709329777793,134.104726905963,-1.11226522787089
1237673709329842940,134.16283696431,-0.971824113451321
1237673709329842680,134.097406238671,-0.935917683202018
1237674460949119166,134.064591064234,-0.82708621905428
1237650795141006290,134.173212936819,-0.836700798102186
1237674460949185194,134.150133065147,-0.778620431494456
1237674460949120051,134.091774827602,-0.83240363214297
1237674460949185115,134.103340304379,-0.771363597580913
1237674460949185591,134.166963361705,-0.680042877608015
1237648720673768170,134.091187425516,-0.526181656098716
1237648720673767431,134.043101106139,-0.619023919414381
1237648720673768365,134.14871496738,-0.542944320991978
1237648720673768118,134.075513284763,-0.495851508158394
1237648720673768733,134.157276342873,-0.487798281182722
1237650795677877007,134.102379853345,-0.366796732347994
1237650795677876920,134.0787214053,-0.388982235431547
1237650795677877521,134.147846153228,-0.338174755082435
1237650795677877078,134.124171669701,-0.262079636547997
1237650795677876292,134.110895517255,-0.241773911989398
1237673708792775147,134.005491816433,-1.47319410081427
1237673708792840250,134.091899040646,-1.47559697239859
1237674460412118095,133.979677112367,-1.19442898873602
1237673709329777733,134.053175993616,-1.1272436117249
1237673709329777433,134.057188415183,-1.07400907010411
1237673709329711328,133.951732499185,-1.03060250243524
1237674460949119495,134.036881970112,-0.800445659143343
1237674460949119585,134.01234574457,-0.828124593001127
1237648720673767977,134.027555178672,-0.583177389525292
1237674460949119452,133.943302595391,-0.844101126268001
1237648720673702876,133.975433539048,-0.588684728432256
1237648720673768004,134.038462224596,-0.562564410928631
1237648720673703000,134.015558691415,-0.545348794793666
1237648720673703200,133.97382655438,-0.451888829888853
1237648720673702968,134.002581000149,-0.516226119171473
1237650795677811047,133.946566771215,-0.327081599431863
1237650795677811418,133.970901698713,-0.310493430690467
1237650795677811090,134.04078393982,-0.291009772407534
1237650795677811667,134.028669779934,-0.261875256882524
1237674460412052481,133.897134148545,-1.38811038287022
1237674460412118158,133.945565482592,-1.35341401906762
1237674460412117666,133.859069731581,-1.27784780319192
1237673709329646011,133.836220967343,-1.25286831252866
1237673709329646413,133.819237732959,-1.20418524118455
1237673709329646319,133.800994546902,-1.22778935527777
1237673709329711150,133.86893571658,-1.12323346675027
1237673709329711817,133.868174567292,-1.10524676735877
1237673709329711738,133.820686194826,-1.07804858646413
1237674460948989012,133.80718877766,-0.965791023088397
1237674460949054167,133.867297110252,-0.930935401563809
1237673709329712321,133.884026223037,-1.00912287455359
1237673709329711438,133.894281894982,-1.08459305943368
1237674460949054806,133.904594824857,-0.895452171644662
1237674460949054434,133.898617486053,-0.919714502876511
1237650795140874679,133.799155221628,-0.782697627125372
1237674460948989023,133.762016493934,-0.884058488648981
1237650795140874667,133.7843141727,-0.749359278949001
1237650795140809127,133.714798351181,-0.832841879038895
1237650795140940453,133.930444250763,-0.648256602134536
1237648720673702335,133.938483643751,-0.560196895533551
1237650795140808973,133.761880178709,-0.755384012333041
1237648720673702307,133.920347321558,-0.544452528087284
1237650795140875015,133.797818261414,-0.695221772092666
1237648720673636506,133.825672815395,-0.626923465862832
1237663546898121589,117.034333745569,44.7731683720506
1237663546897990489,116.893679065902,44.5107746697561
1237663546897990421,116.854829918807,44.4958017752143
1237663546897990439,116.882888262118,44.494970205135
1237651497367569129,117.152285459903,44.3696323105819
1237651274029728462,117.079809333687,44.0482238511256
1237651497367569044,116.979086386415,44.3830384895744
1237651497367503559,117.033290449724,44.2379261910088
1237651274029728649,117.112028699759,43.9832266331933
1237651274029728374,117.069072570844,44.0093203411201
1237651496830501836,117.130672835579,43.8736487084019
1237651274029727815,117.077787045757,43.9737620234422
1237663546898252011,117.053641740149,45.0011642309359
1237663546898187043,117.075784333364,44.9038571731454
1237663546898252454,117.06444518558,45.0441242901393
1237663546898186655,117.145499239288,44.846160547224
1237651497367700178,117.14918468822,44.6989997357995
1237651497367700035,117.103265009414,44.6398924462657
1237663546898055664,116.981251762098,44.6597726613627
1237651497367634600,117.053291025793,44.5231704598744
1237651497367634495,116.988530769013,44.5042652686935
1237651274029924453,117.240693216728,44.4424937736405
1237651274029859892,117.252435179401,44.3128182111131
1237651496830567204,117.287928362729,43.9960644242326
1237651274029859358,117.28261394205,44.2989805831966
1237651496830632674,117.365504841047,44.0736227931018
1237651496830632612,117.276819171375,44.0677925609144
1237651274029859626,117.247299811618,44.2923967144683
1237651274029793898,117.251084529038,44.0614386490824
1237651496830632872,117.374768139812,43.9860296368005
1237651496830501899,117.247375785493,43.861863717876
1237651274029925000,117.263370385444,44.4347290237765
1237651496830567367,117.199787160994,43.9621702995265
1237651496830829149,117.624361701256,44.484139319873
1237651274029989946,117.428512974339,44.5090002721686
1237651274029990535,117.446989152085,44.5558680123893
1237651274029990532,117.499164960093,44.5320520683262
1237651274029990414,117.396907820789,44.5123152145332
1237651497367700086,117.236898384365,44.6099680458449
1237651497367700144,117.268914571294,44.6312337706813
1237651274029924729,117.326351554834,44.4709969912108
1237651496830632757,117.367168367558,44.1120499728078
1237651274029859015,117.40703818319,44.2662512263025
1237651274029925291,117.38114362613,44.4132932152684
1237651496830698113,117.476837663201,44.1743165022255
1237651496830698355,117.390106500036,44.1676611656246
1237651274029924905,117.296187616049,44.3546903052206
1237651496830697992,117.541281952038,44.0961045492858
1237651496830698174,117.536326464513,44.1879188730018
1237651496830632935,117.409464408666,44.0242625664777
1237651496830632250,117.532059461308,43.9941266083366
1237651496830632434,117.406556702579,43.9869418289318
1237651496830567435,117.390162427644,43.9228672685866
1237651497367765543,117.330710835689,44.7761770757911
1237651274030121194,117.60908686542,44.816017153654
1237651497367765951,117.332270635622,44.7191625535404
1237651497367765652,117.335608902471,44.7390891393459
1237651497367700283,117.385148160044,44.650033741101
1237651496830829240,117.842839853872,44.4403850043498
1237663546898251940,117.258081254589,45.0231474765479
1237651273493185007,118.000169165094,44.3870948892393
1237651496830698126,117.6076729397,44.127047038834
1237651496830763678,117.700089818621,44.3319740059745
1237651273492988544,117.713222195859,44.0475354643031
1237651273492923445,117.644460542119,43.9797516855773
1237651273492923177,117.595600985748,44.000681671912
1237651273492922983,117.747308012441,43.8500647327847
1237651496830763398,117.706763096098,44.2405862685921
1237651273492922765,117.691996361442,43.944372866554
1237651273492923124,117.624973581516,43.9676709346325
1237651273492988087,117.753552326342,43.9641526206424
1237651497367962675,117.632941620139,45.2241296390795
1237651497367961690,117.747716442269,45.1698071877263
1237651497368027645,117.706711777444,45.2445629537733
1237651497368093616,117.844696063427,45.3848614853144
1237651497367896584,117.442254017793,45.0299307049346
1237651496830894657,117.782643771672,44.5372372877225
1237663546898318029,117.236147587678,45.1590057502863
1237651497367897006,117.597084316666,45.03291767431
1237651497368027451,117.721719245834,45.3556064034811
1237663546898383444,117.493807186677,45.1741304998646
1237663546898252845,117.167602635196,45.095646390489
1237651273493053785,117.879331936385,44.2402316688314
1237651496830764009,117.763859712507,44.3238192869397
1237651273493053750,117.976169968038,44.1438212420173
1237651273493119632,117.925965741919,44.2827160368284
1237651273493119674,117.863601387965,44.3320316288621
1237651496293827395,117.903063088454,43.9527963790332
1237651496293826773,117.963170656968,43.9657215884537
1237651496293761745,117.798718593177,43.8731655552432
1237651496293762160,117.86537275503,43.8962525091109
1237651496293762136,117.875279877415,43.8701446996539
1237651497368093336,117.87636532186,45.3804230109
1237651497368027789,117.841085757175,45.2728874714227
1237651496831026064,118.027310208557,44.8045246971579
1237651274030384091,118.136887110574,45.2289388131802
1237651274030318421,118.056261205659,45.0641133318385
1237651273493185113,118.110462033005,44.4103108877581
1237651272956117396,118.205860195408,43.8445704176553
1237651273493119688,118.01117535225,44.2714126564726
1237651272956117084,118.21452091187,43.8232293526597
1237651496293893003,118.161371404848,44.1617354374137
1237651496293892853,118.040151380524,44.1451999154091
1237651496293826856,118.006032251239,44.0166462559607
1237651496293827419,118.019622582091,43.918246255863
1237651496293893170,118.195422046681,44.0763507452808
1237651272956117552,118.114876205235,43.8299592252965
1237651272956117984,118.131115269103,43.8655702157398
1237651274030449292,118.172816353432,45.395625041091
1237651497368093705,117.99873702278,45.3991063631612
1237651274030384017,118.146844035228,45.3642460635952
1237651274030384011,118.2097626528,45.3354485515767
1237651496831222684,118.2492639271,45.2046298184454
1237651496831026208,118.064514621007,44.8774833922476
1237651496831091272,118.169470479225,44.8865263578085
1237651496831156819,118.247906598629,45.0278996978009
1237651274030384166,118.19591856047,45.2672528653362
1237651273493316560,118.434272121975,44.638853603438
1237651274030318166,117.917154084332,45.1389773282863
1237651496294024036,118.246769442184,44.3332668445628
1237651496293958360,118.240059510763,44.212034755848
1237651496293957861,118.197867070003,44.2497061586808
1237651496294023848,118.339843207091,44.3706130436738
1237651496293958498,118.378999132725,44.2253973749618
1237651496293958299,118.245362626401,44.1850080801065
1237651273493119650,117.979250769513,44.2695823984947
1237651272956248598,118.38527576176,44.0735759306352
1237651496293958152,118.224265730804,44.1430367987125
1237651272956248590,118.41488519141,44.056725894713
1237651496293892793,118.200308198801,44.0387171715832
1237651272956117747,118.269962352964,43.8385088013418
1237651496831222882,118.404491790541,45.266758175117
1237651496831156951,118.335946753562,45.0620316361964
1237651273493381853,118.390528910993,44.8534622314233
1237651496831156816,118.323651123748,44.9941046760647
1237651273493381838,118.429229774791,44.8273346876458
1237651496831157223,118.375910749548,45.027883936942
1237651273493381979,118.296092258353,44.7850336469792
1237651496831156866,118.362132683081,44.9961380885613
1237651273493381990,118.326279955623,44.7807066165706
1237651273493316398,118.304610148107,44.7576484260387
1237651496294089475,118.627785885356,44.4655479695806
1237651497368092689,117.959520973288,45.3183582227725
1237651496831025428,118.101241603391,44.8407827643718
1237651495220281946,119.405525161161,43.8043393164519
1237651272956314631,118.489543959631,44.285296591546
1237651272956379969,118.570965117641,44.3389608084227
1237651272956314258,118.694896001262,44.1378465461105
1237651495757087324,118.635030026306,44.0504403177475
1237651272956248343,118.475791027422,44.1562517949783
1237651272956248759,118.606174660325,44.0584143496505
1237651272956249062,118.440988484844,44.1778821571563
1237651495757021649,118.552728048115,43.9300536588596
1237651272956183339,118.510993455326,43.9713718868904
1237651272956248726,118.503408804847,44.083405100222
1237651272956183138,118.41424710721,43.9177820087116
1237651272956183155,118.380513195543,43.9408969055785
1237651272956248074,118.452056454583,44.0281225892972
1237651495757021975,118.655385951418,43.8985127657676
1237651272956183100,118.409379997511,43.8968144105642
1237651272956706905,119.250671624155,44.985324833445
1237651274030383996,118.230914795458,45.3186175905845
1237651496831222610,118.51646573617,45.2368242738775
1237651495757415052,119.277092600859,44.60338032463
1237651274030449325,118.261827085432,45.3689759792973
1237651273493447084,118.50456136905,44.9326042527128
1237651496831222544,118.512053948691,45.1988462397851
1237651496831222415,118.475855966673,45.1470502942771
1237651495757218216,118.810851513279,44.2448442009082
1237651495757152533,118.83899897779,44.1324023635664
1237651495757152910,118.755798734609,44.123856689119
1237651272956314445,118.674613263309,44.2400736739946
1237651272419443762,119.032423177687,43.9408219524971
1237651495220347205,119.403625688098,44.0882169364841
1237651272419508534,119.181143293675,44.0970669253497
1237651495757087365,118.706508894645,44.0521097143663
1237651495757087090,118.773052805127,44.0313715003857
1237651495757087570,118.730675462198,44.0399323240547
1237651495757611864,119.671516800743,45.037943558694
1237651495757546066,119.530713078109,44.8332206366141
1237651272419836076,119.898856173116,44.7148930052225
1237651495220609667,119.850900994498,44.5897651083089
1237651495757480723,119.415566281548,44.8228757581093
1237651495757480154,119.365986796671,44.6818593258444
1237651272419902048,119.933183777335,44.7899313541811
1237657587096617621,37.7355132610908,0.8211995766466
1237657587096617626,37.7364875401801,0.732891224465181
1237657587096683426,37.8623033277657,0.794509733733911
1237666408459010272,37.9001188248023,0.331062837765978
1237663784750875241,37.9471938194758,0.598567405359876
1237666408459010828,37.9391946800233,0.273284499516101
1237666408459010148,37.8977353629697,0.312497307517872
1237666408459075991,37.9958563039351,0.345519735139209
1237678437015617910,38.0254254817781,1.154204394218
1237678617434456324,37.9995217842524,1.01009747863915
1237657587096682562,37.8781737438654,0.824727788190928
1237678437015617837,38.0428983796474,1.24746266410904
1237678617434522115,38.1214115783373,0.853839103584475
1237666408459076079,38.0196001892942,0.375617373539987
1237663784750940696,38.0468501594469,0.610183975995531
1237666408459076363,38.1018141421769,0.311521529114373
1237657587096813995,38.130262103453,0.697773297789231
1237663784750940246,38.1637237569303,0.617299212589883
1237666408459141677,38.1761629393671,0.328533014285105
1237663784214134828,38.2105178181916,0.0387477532901342
1237678437015683685,38.1246872574602,1.21914075745182
1237678437015683334,38.1185121608535,1.08879292941696
1237678617434587593,38.2092100018152,0.882194050753444
1237678617434587215,38.3244016472214,0.829913483784142
1237657587096879635,38.3276201399264,0.77215543148629
1237663784751006358,38.2505951517769,0.607024926901758
1237666408459141922,38.2424413220069,0.396789876493906
1237666408459142260,38.2764340269525,0.406499989029873
1237666408459207259,38.3481667186696,0.221470646095246
1237666408459141263,38.229667188863,0.216342563736535
1237663784214135743,38.2775969573041,0.173639075407214
1237663784214135726,38.2707352409873,0.10372813909557
1237678437015815079,38.4541036392246,1.17359805589823
1237678437015814654,38.377531628526,1.17279730468648
1237678617434652898,38.3635100137543,0.894463241269639
1237678617434653576,38.4270963555075,0.854248889504789
1237657587096879386,38.4027721534366,0.818923262402266
1237678617434653477,38.371022368579,0.871669499493212
1237657587096945507,38.4097744101516,0.641759782314497
1237657587097010204,38.6192728328258,0.641656938285157
1237657587096945308,38.4996860421091,0.670203457908914
1237666408459272546,38.4599374369371,0.307942485867637
1237663784751137417,38.5980490753434,0.577044466449542
1237663784214200483,38.3854479226254,0.11338848332758
1237663784214266584,38.5159741918762,0.176766553632369
1237666408459272609,38.4757954219511,0.280883175308469
1237663784214201513,38.4696867873032,0.127935012401852
1237678617434718594,38.5123275442815,1.02592370649911
1237678437015880560,38.5458731518236,1.18197827277236
1237657587096945147,38.4520879734454,0.766167113678301
1237678617434718344,38.5135919247601,0.951981112260017
1237663784751203088,38.6359157869887,0.61288550877691
1237663784751202975,38.7460315943728,0.463070470311082
1237666408459338139,38.6024222509628,0.312373676002413
1237663784751202963,38.739267460439,0.531792782479614
1237666408459338722,38.7181176819555,0.357320390679466
1237666408459338665,38.6623438681306,0.300511277337207
1237666408459403661,38.7410290314301,0.290417019595691
1237663784214266999,38.6191032544218,0.177610271771304
1237678437015946098,38.7236509103757,1.2040756599685
1237678617434784407,38.7914324957256,1.00356771149935
1237678617434849304,38.8271405801021,0.860322912866496
1237678437016011195,38.8490025875721,1.07623870178502
1237678437015880415,38.6276590420568,1.12472436889929
1237678617434784176,38.6764939872497,0.894228629042624
1237657587097076463,38.7809089230561,0.750442482242457
1237657587097076123,38.7702111111612,0.690478514924225
1237666408459403806,38.7760171064316,0.328937165764003
1237657587097142134,38.9545560059422,0.650352086163715
1237666408459403288,38.7952076976995,0.250361866337304
1237666408459469519,38.9957402656453,0.308044738140752
1237663784214462957,38.9435052010379,0.1537312189208
1237663784751268580,38.9094777690104,0.527798208867679
1237663784214397265,38.8075878965759,0.122589744172804
1237663784751268324,38.8144130192389,0.54317401241197
1237678437016076711,38.9838173015195,1.07285859160245
1237678617434915224,38.9976125071132,0.881969459743227
1237678617434980807,39.1342439987502,0.888212464660068
1237678617434915331,39.0684594730798,0.938733290576303
1237657587097141311,39.0026511499959,0.750139891770072
1237678617434915172,38.9626690988398,0.887224822398615
1237657587097207588,39.0510197071455,0.785750291673256
1237666408459534548,39.1076763753174,0.235166807006408
1237666408459534838,39.0677109366391,0.2501082079201
1237657587097207599,39.0646789893009,0.649647585369202
1237663784214463210,39.0206771854523,0.0886995449573442
1237663784751464640,39.2281910521806,0.551001064609246
1237666408459535145,39.153053689668,0.245326717349462
1237663784214463254,39.0364801316864,0.0804064398400476
1237666408459600818,39.2527815915399,0.415712033222291
1237657587097272862,39.2409746047963,0.703174683697623
1237657587097272865,39.2413728406864,0.671458423317983
1237663784751464777,39.232562138112,0.568655494681962
1237666408459600096,39.2522391724528,0.346374273659443
1237666408459666232,39.4468266256984,0.30072365814666
1237663784214528817,39.204200486017,0.0851683648283088
1237663784214594317,39.3717384758965,0.20605647539684
1237657584950182804,40.0914442425045,-0.92885944180142
1237657584950117398,40.0119003532149,-0.863510877605655
1237660024521294194,40.0084072071105,-1.06102359709939
1237657584950247601,40.2232680549912,-0.844556254658744
1237663783141179909,40.0175517457047,-0.823170477837162
1237657584950117473,40.0356909465435,-0.862824334025089
1237663783141179907,40.0185366107336,-0.805071068165209
1237657584950182207,40.100978641161,-0.87713673041905
1237663783141179983,40.0375023089086,-0.787828887260714
1237666407923253795,40.429675148666,-0.131074178287716
1237666407923253700,40.4041835133208,-0.149892117050314
1237657070091042986,40.3947549841106,-0.482649546347444
1237666407923254366,40.4772586456609,-0.142277080286829
1237663783678247746,40.4272693075724,-0.287669985353894
1237666407923253360,40.4126069155566,-0.0875473819689793
1237666407923253703,40.4042930564347,-0.112122874167342
1237663783140786824,39.1803266864454,-0.698147823972766
1237660024521163416,39.7774577857186,-1.11419513458612
1237660024521162842,39.7706805361869,-1.19145929457592
1237660024521163446,39.7892747435056,-1.08906958034282
1237657584950116867,39.9353385038172,-0.910322630469195
1237663783141113935,39.9283077196511,-0.79700505494389
1237657584950051433,39.8500241701587,-0.914573236208705
1237657584950051820,39.8705209097912,-0.842882628300545
1237663783141114460,39.8843789557611,-0.788831362480271
1237663783141114495,39.8919627159931,-0.769638561953525
1237663783141114024,39.8262436046895,-0.775806000961952
1237657070090977667,40.1480818572503,-0.484959223552988
1237663783678116215,40.1571284065896,-0.404324914238025
1237666407923187955,40.2459320362743,-0.153100957167629
1237666407923188568,40.2635949416695,-0.141112307275093
1237666407923188187,40.2770330720234,-0.117635790320586
1237666407923188004,40.254414589853,-0.117820502140269
1237657070090912594,40.0441186100843,-0.614822324219848
1237657070090912146,40.0075406632588,-0.468240282081428
1237663783141114116,39.9179148793787,-0.676862048797486
1237663783678051178,40.1087443149082,-0.385376806134421
1237657070090911813,39.9995571875556,-0.431944657864251
1237663783678050719,40.0770136022808,-0.402747329526617
1237663783678050962,40.0472293260843,-0.358509172170133
1237663783678050618,40.0967568729899,-0.398913625223379
1237663783678050590,40.012508806768,-0.279432607003764
1237666407923057096,40.0336184994225,-0.0774527456897478
1237666407923057242,39.9759833399806,-0.0438502091256344
1237660024521163363,39.7598707328262,-1.13654050732308
1237660024521163257,39.7234324296359,-1.14630088339659
1237660024521162957,39.729434842744,-1.11177031036849
1237657584950051677,39.7980808567183,-0.893353336060115
1237663783141049026,39.7571160644044,-0.792986878502323
1237663783140983567,39.6551102977212,-0.819230283465036
1237657070090846615,39.8678683404191,-0.566419333296059
1237663783141114479,39.8888312020974,-0.694903936679435
1237657070090781450,39.8038881891358,-0.491263482800226
1237657070090847083,39.8936575735773,-0.554397990076164
1237663783677919538,39.7854394738838,-0.363674920757907
1237663783677985153,39.8374585190437,-0.301644230340916
1237666407922991552,39.8288847743954,-0.0925951583392492
1237666407922925811,39.7296450979459,-0.084996657004786
1237657070090715514,39.5371857301714,-0.596717949204361
1237657070090780971,39.7225079322572,-0.610043130505486
1237657070090781065,39.6724376968525,-0.438926537186151
1237663783677854276,39.6126568310888,-0.384809313176054
1237663783677854338,39.6367785075537,-0.30066489843931
1237666407922860561,39.5879554737325,-0.164836143948404
1237660024521032527,39.4290062983947,-1.21320566343177
1237663237123736100,39.5399833660391,-1.04458403661201
1237660024521032091,39.4125093222912,-1.20674532066553
1237657584949920091,39.4645008860641,-0.975870979332656
1237657584949919775,39.5274759452028,-0.902500901435912
1237657584949919979,39.5109963272413,-0.918002096290171
1237657584949985680,39.6183424218496,-0.864042176404355
1237663783140983335,39.5741152644382,-0.798349197226462
1237663783140918339,39.5111005009652,-0.790678736081518
1237663783140917893,39.484580181969,-0.686514660844557
1237663783140917503,39.3895987705949,-0.708134059766359
1237657070090650163,39.4646475433101,-0.622356520289918
1237663783677788795,39.4620314358219,-0.411284951730998
1237666407922795302,39.360343260363,-0.152259113928436
1237660024520966892,39.2841652011142,-1.16719611428612
1237660024520901281,39.221782088984,-1.11537334460001
1237660024521032076,39.4046166211309,-1.1587068279513
1237660024520966911,39.2991558363175,-1.15457674419077
1237660024520967032,39.3833869877191,-1.07771228950586
1237657584949854431,39.3460211261036,-0.847826913026606
1237663783140917704,39.406956801749,-0.770134143816206
1237663783140852466,39.3715886748683,-0.755726136435344
1237663783140852648,39.3250728676671,-0.779064356509123
1237663783140852334,39.3121295713442,-0.746478201395286
1237665566613111107,229.051263995163,18.9197709388656
1237665566613176655,229.150552545548,18.7843281954007
1237665566613242090,229.213390138652,18.7397756102316
1237665566613176702,229.199314454733,18.8545041429798
1237665566613176657,229.19643884234,18.922241233992
1237665566613242053,229.208585171232,18.778844942997
1237665566613176590,229.104142492953,18.762257334666
1237665566613176508,229.069797308059,18.8268895658332
1237665566613176426,229.187804191894,18.7863546525049
1237665566613176676,229.155516599817,18.7674896474827
1237665566613176514,229.115980478964,18.9178293182084
1237667968033816871,229.075778388954,19.0231780119355
1237665566613176542,229.086487066627,18.8147509563669
1237667968033882310,229.21684373297,19.0856209027535
1237665566613111114,229.069208588167,18.949177310014
1237667967497011414,229.170531401372,18.6631210117843
1237665566613176683,229.192969477208,18.8746733386892
1237665566613242085,229.236755565344,18.8190419563594
1237665566613242203,229.301404562291,18.7297830049205
1237665566613242099,229.256967375444,18.853425875039
1237665566613242231,229.350134157892,18.8426020686309
1237665566613242176,229.29248286335,18.7747963106167
1237665566613241972,229.288536516664,18.7486415526394
1237665566613242033,229.220181619651,18.8376104292502
1237665566613242163,229.274130517888,18.7820838687138
1237665566613307561,229.404102834693,18.6809894021528
1237665566613242057,229.243481427182,18.8744006392152
1237665566613242139,229.255543807981,18.7755425483282
1237665566613242080,229.228790190188,18.8030087396904
1237667968033947888,229.313390114508,19.016075278736
1237665566613307536,229.403186955238,18.7442502129258
1237665566613242336,229.308204953157,18.6732955225953
1237667968033947962,229.382106898001,18.9693671416192
1237667968033947940,229.366796302735,19.0071924297294
1237667968033882362,229.239494712091,18.9428145538483
1237665567149982028,229.144892644938,19.3300127336376
1237665567150047555,229.218835026304,19.170179024533
1237665530644660350,229.074236513585,19.4005746030897
1237665567150047537,229.217712930062,19.2423138602332
1237665567149982039,229.159312183646,19.3082153921682
1237665567149982087,229.182175672863,19.2406224424834
1237665567150047546,229.224851209624,19.2616612150792
1237665530644725901,229.248033279329,19.4197476743741
1237665567150047411,229.212431736615,19.222457239562
1237665567149982037,229.148829984812,19.2890277988182
1237665567686721793,228.991703173763,19.720340723567
1237665567149982126,229.102695621853,19.3298168520748
1237665567149982470,229.148716496707,19.3718373179419
1237665530644660372,229.121530082733,19.3983958784041
1237665567149916461,228.988639690657,19.3157056885004
1237665530644660363,229.103814394109,19.3978105649889
1237665530644594932,229.032003832939,19.432832568448
1237665567686787109,229.058862324503,19.7324634353286
1237665567150047427,229.265283039781,19.3417858966298
1237667968034078965,229.59912710751,18.8276366912488
1237665567150244195,229.705000031187,19.0845764506266
1237665567150244224,229.729693790367,19.086565414423
1237667968033947983,229.408414198889,18.9434125208784
1237667968034079122,229.718024998979,18.8633069157581
1237667968034079093,229.687498127576,18.9072090247183
1237667968034144278,229.733639977645,18.7677489333902
1237667968034013387,229.524075670571,18.9960737915862
1237665566613307746,229.434568564377,18.7061617829366
1237665566613373116,229.581297958442,18.7670860096726
1237665566613439048,229.728597176665,18.753093591897
1237667968034013424,229.51451103081,18.8550683483652
1237665566613307550,229.405767399412,18.7240660692226
1237665566613307790,229.433473386855,18.7474877789028
1237665567150047329,229.281584049561,19.2451160841578
1237665567686918404,229.406557971165,19.6331200624237
1237665530644791517,229.468504904275,19.3307026856041
1237665567686918205,229.424152010215,19.6791796701371
1237665530644857117,229.616895443817,19.276691148749
1237665567150113032,229.421700096187,19.1569873924417
1237665530644857110,229.614668905693,19.3006971591985
1237665530644791391,229.452676158954,19.3086541844647
1237665530644725916,229.276908321273,19.4151310968482
1237665530644791656,229.494179215011,19.3459532960753
1237665567150112887,229.458381806159,19.2680679906343
1237665530644725987,229.362007484088,19.3766612529073
1237665567150178573,229.52914990798,19.2052956144429
1237665567150113161,229.437937966669,19.2912386847123
1237665567150047499,229.323194975573,19.2658236654418
1237665567150047515,229.324729163958,19.2084164342962
1237665567150178673,229.652947135233,19.2174051134265
1237667968034209910,229.914114314501,18.8167916346446
1237665567150309795,229.915557450741,19.0155283413243
1237667968034144492,229.867933430551,18.8039519799323
1237665566613504132,229.832882829857,18.6618247992997
1237665567150309804,229.931223864867,19.0445875890508
1237667968034209928,229.919535774908,18.7758614603511
1237665566613438684,229.785989308619,18.7509135738521
1237665567150310343,229.893785560581,19.0351222063588
1237665566613439398,229.82493420045,18.687690347688
1237665567150309529,229.797709505348,18.9893432566429
1237665567150244278,229.760268777318,19.0678307277553
1237667968034209945,229.953509297113,18.7861127990878
1237665547822367475,229.799419928674,18.943240652464
1237665566613504326,229.952334456874,18.6977692111117
1237665530644922714,229.789528597816,19.1983990444175
1237665567687049529,229.751785981425,19.617944479062
1237665567687245928,230.181985973459,19.3150888704482
1237665530644922772,229.752489615762,19.2639321870896
1237665531181793480,229.899516251151,19.6424711368799
1237665530644922717,229.815223701654,19.2485667420666
1237665567150244363,229.792748763274,19.1416261650504
1237665531181727945,229.730916756378,19.6970717796605
1237665548359303427,230.109565056116,19.2963070581938
1237665530645184802,230.338135810721,19.1046480295351
1237665567687115009,229.957961405247,19.5798320032629
1237665530644988038,229.938481417843,19.1634808707675
1237665530644988260,229.93714986899,19.2314832778352
1237665567150244191,229.740211855926,19.2012422069027
1237665567150309535,229.862821397228,19.1606478856132
1237665530644988199,229.980487127938,19.2090707042211
1237665567687246095,230.180629780195,19.418577721201
1237665530645184709,230.381371070531,19.0548686676733
1237665547822497987,230.120809340615,18.8447428349364
1237665567150374990,229.976152420349,18.9394147563731
1237665567150506271,230.358890631288,18.9830061371642
1237665567150375134,229.986178314673,18.9773669554984
1237668337392746721,230.193390476403,18.756540545449
1237665567150506219,230.262186520145,18.8447277974425
1237665567150440703,230.224326578354,19.0334742282452
1237665530645184730,230.401500280871,19.0527658842539
1237665567150375182,230.071380325103,19.0748519341695
1237667968034275425,230.038671486483,18.7127929644734
1237668337392746690,230.142309570362,18.7112611346028
1237667968034275421,230.050265256993,18.7422025884981
1237665530645119233,230.216736015925,19.0734256478245
1237665567150506119,230.361531825043,18.9601075217359
1237665567150375176,230.028870003089,18.9636064743843
1237665547822563621,230.189297189332,18.8439321569831
1237665567150440778,230.129898874358,19.0880815064003
1237668336320184582,232.623365610641,17.0318110344416
1237668336320119045,232.545533242641,17.2122414157521
1237668336320118882,232.429578262146,17.1891399583945
1237665566078009713,232.864659375116,17.2215964613184
1237668336320119075,232.510602672068,17.0453366664252
1237668367994978639,232.374517277112,16.8002312511276
1237668336320250415,232.776486141275,17.078873743128
1237668336320184541,232.61950306607,17.1112425583369
1237668336320250028,232.727305558219,16.9802067472022
1237668336320119138,232.459173179838,17.1848097858178
1237668336320250032,232.785825148602,17.1164201460369
1237665566077944186,232.819652443776,17.3539565287499
1237665566077878623,232.544408805336,17.2791549792119
1237665566077944059,232.684840025838,17.3216298299007
1237665565541007633,232.445711322239,17.0479996313608
1237665566077878488,232.535343411583,17.297266327374
1237665566077878428,232.634544273152,17.2254249240252
1237668336857121547,232.984802471215,17.3734703845996
1237668336857120990,233.020579104621,17.4736781686246
1237665566614815033,232.919981030659,17.619198669066
1237668337393991857,232.993559744592,17.8055951882258
1237668337393991979,233.05337557399,17.834735248079
1237668337393926335,232.906225502092,17.8708366702626
1237665547823808855,232.954258951667,17.889256690755
1237668337393926694,232.855645389008,17.9078246090838
1237665547823808882,233.014912140828,17.9116111741571
1237665547823743283,232.950988067329,17.9749766806563
1237665547823808798,233.031433177965,17.9459805008791
1237665547823808809,233.061033021323,17.9648255217561
1237668367994978703,232.294584758474,16.8165722018744
1237668367994978429,232.298440745635,16.8828574080263
1237668367994978457,232.286795336064,16.7889422611659
1237665565004071166,232.173447447319,16.5769180143113
1237665565540876572,232.205155072323,16.9621284547195
1237668335783117054,232.113579326801,16.8453431705417
1237668336320053477,232.328363457593,17.146793028227
1237665565540876527,232.183339320809,17.023317590366
1237665565540876472,232.118730247765,17.0502954623523
1237668336319987962,232.26342885318,17.264421142787
1237665565540876485,232.113380925147,17.0079921790995
1237665566077747275,232.276997584017,17.3500629123831
1237665566077747534,232.280742239043,17.3700033278433
1237665565540876490,232.151497526166,17.0826165197273
1237668336856989927,232.577232112738,17.5233151487685
1237668336856989982,232.70999761048,17.5705754405497
1237668336856924385,232.554646583606,17.6438176551592
1237665566614683922,232.625346900345,17.6735030295151
1237665566614749251,232.711946797657,17.7497492861049
1237665566614683990,232.567813165279,17.8044674051742
1237665566614749527,232.770749837208,17.7429766520785
1237665566614683810,232.561611949434,17.8240393116258
1237650796753650406,138.788302594713,0.486750275697503
1237650796753650292,138.724439092173,0.486090457631381
1237674459877540539,138.689981250934,0.968866803367836
1237651752918516187,138.688642358211,0.888372861763825
1237674459877540469,138.670568813835,0.941119761399566
1237648722286412366,138.738261598403,0.77359777405307
1237673708795199669,138.833892383657,1.26606415305738
1237673708795199632,138.788578394463,1.25500946479742
1237674459877605508,138.843252078501,1.09597004131379
1237674459877605996,138.834778286637,1.11527283279533
1237673708795265601,138.786736115048,1.45493381544445
1237673708795200193,138.701861265216,1.41138071602842
1237674460414542390,138.645136148692,1.54378062239235
1237674460414542102,138.775143009416,1.55574484525111
1237674460414542625,138.69683406385,1.62962709737592
1237674460414607866,138.834084798605,1.73899041799381
1237673709332202368,138.803341895931,1.75309639587746
1237674460414608194,138.773016862257,1.68155665907983
1237673709332136857,138.740345115556,1.76464894214278
1237673709332136228,138.70466100347,1.67950882577513
1237673709332201515,138.779563606637,1.77542328564363
1237673709332202081,138.765517542179,1.87363359596715
1237673709332202040,138.768021471583,1.85080810305115
1237648722286346728,138.525812875215,0.802839829635954
1237674459877475022,138.540354375463,0.855086094588
1237648722286347075,138.560478932355,0.752080152832453
1237648722286346309,138.543426621648,0.827483125756605
1237674459877540491,138.641368376621,1.01223246309518
1237674459877474629,138.54758477339,0.947527896877241
1237674459877475188,138.560182387917,0.97532938168657
1237650796753584830,138.623487776532,0.567841315748284
1237674459877475129,138.577894506888,0.888400475348711
1237648722286281884,138.512322980238,0.635965059203545
1237650796753584797,138.616336782274,0.511501812748596
1237673708795134257,138.690193414463,1.21985537734273
1237673708795134439,138.595396319833,1.1439507643485
1237674459877475183,138.541328428959,0.99667915494956
1237673709332071731,138.627493250346,1.65971886978936
1237673709332071288,138.558211287566,1.655876775404
1237673709332070599,138.487338561097,1.61526651289346
1237673709332136551,138.590257461864,1.8348334474858
1237674460414410953,138.545239462615,1.37772574191351
1237673709332136970,138.619270233687,1.80209042940666
1237673709332071440,138.541063276941,1.75028863159957
1237674460414542624,138.681434216455,1.6541344972672
1237674460414542509,138.693402530153,1.55852647771317
1237674460414411534,138.465977410124,1.36288088256305
1237673709332071152,138.515172598088,1.65870942617195
1237673709332005668,138.470175137062,1.58065037139445
1237674460951412806,138.528877536437,1.83038819457856
1237674460414410843,138.496165297108,1.33766862066993
1237650796753519094,138.428493446705,0.55493673979494
1237648722286281124,138.379536949139,0.651729820580708
1237673708258066874,138.385883607695,0.628708753284064
1237650796753454119,138.394757103297,0.560062561995997
