objid,ra,dec
1237669762795962862,333.197532153903,6.40866678746745
1237669762795963089,333.107599641078,6.37723398033353
1237669762795963255,333.138131124164,6.39814125554239
1237669762795898443,333.076118125703,6.42669736006212
1237669762795962572,333.124508195003,6.4186925736584
1237669762795963977,333.192087570171,6.45090512150601
1237669697834910623,333.124087853408,6.17439388286251
1237669762795962793,333.132298554573,6.46837691392055
1237669697834910588,333.105778694748,6.30050432090055
1237669762795962769,333.116784624477,6.49195010390878
1237669762259092477,333.189612614586,6.17154565975526
1237669762259092406,333.179088856235,6.072025150063
1237669697834910743,333.157202681481,6.1723168928314
1237669697834910880,333.058714806026,6.24200988513331
1237669762259092836,333.146703852969,6.14174058063745
1237669697834910560,333.107373725835,6.18057514938798
1237669762259027107,333.07333448863,6.08180034006197
1237669697834910679,333.137464402421,6.22105113480295
1237669698908717921,333.155686709355,7.20711410994092
1237669698908783320,333.330292469171,7.21869437749826
1237678723168862592,333.208581666264,7.2892640457759
1237669699445653750,333.292537106169,7.49818527417336
1237669763332899693,333.269374856476,6.80975101097944
1237669698908717081,333.132236436163,7.14304995443734
1237678723168928429,333.240162165383,7.36443266813308
1237669698908718150,333.24199458473,7.06432587822425
1237669763332834427,333.176042698761,6.96668833441161
1237669763332898850,333.199579189903,6.95689074214898
1237669698371846578,333.235022291661,6.73785615282857
1237669698371912818,333.320938263592,6.6952159560746
1237669698371846527,333.166747518544,6.72857439434337
1237669698371846817,333.185779071268,6.60948724555107
1237669698371846417,333.229373884403,6.71244701148101
1237669762796028627,333.241203457594,6.4705478715627
1237669762796029179,333.344281663662,6.53640605786575
1237669697834975683,333.237749102911,6.31303782741548
1237669762796028006,333.275512664822,6.51218811343181
1237669697835041759,333.331574814031,6.24631017322158
1237669762796028800,333.275063614544,6.41653512460174
1237669697834975856,333.205312905869,6.36155903443716
1237669762259157415,333.350990526806,6.16173624338745
1237669762259157311,333.287722460574,6.16503486825381
1237669762796028239,333.292917946186,6.49369440729074
1237669762259157539,333.300486254451,6.12074780924598
1237669762259091926,333.230212553302,6.09358949589123
1237669762259157291,333.282372718782,6.12596310114967
1237669698908783389,333.355171892067,7.1704872880761
1237669698908782928,333.339805750496,7.12100736299958
1237669763332965867,333.436366071193,7.00890486638708
1237678723168993827,333.372812119918,7.27782290817686
1237678723168928667,333.341487045708,7.28936122649674
1237669763332965064,333.363955641479,6.88985028770945
1237678723168928193,333.340102892249,7.34907109838495
1237669763332965465,333.459164191504,6.88510203711485
1237678723168993832,333.370557158114,7.32439085363392
1237669763332965913,333.452175757563,6.92262859472015
1237669763332964500,333.448109395675,6.95674133113886
1237669698371912565,333.383796141364,6.77572555416359
1237669698371912949,333.424858239336,6.68552260944711
1237669763332965249,333.409429152856,6.86130415232071
1237669698371977352,333.443891568689,6.67899698173407
1237669697835041180,333.433227096302,6.37326823561619
1237669762796094464,333.443315202919,6.53374010379133
1237669697835107057,333.49059914063,6.39938955907598
1237669762796093836,333.471271855227,6.42659265866695
1237669697835041541,333.406982400865,6.30117911186997
1237669697835107119,333.519679161778,6.21063004234937
1237669762796094860,333.512795838917,6.51485391612591
1237669762259223660,333.526303924797,6.19037647276955
1237669762796093840,333.463222207232,6.54950017333999
1237669697835106332,333.481893197998,6.3492061939773
1237669762259223506,333.493332142963,6.09166344594847
1237669697835107522,333.513335241162,6.24367872666197
1237669762796094220,333.407554966737,6.52319685143858
1237669762259223841,333.437255582433,6.1120207760382
1237669762796093838,333.467863192059,6.48644385457815
1237669697835107494,333.477747150455,6.30989363876203
1237669698908914273,333.563010461656,7.23246681135013
1237669698908914383,333.610202098535,7.20265499633853
1237669763332965981,333.479986122831,6.91465060987759
1237678723169059617,333.613252102357,7.39056113137855
1237669763333031031,333.527158544107,7.0019634110301
1237669698908848552,333.499377106819,7.03971969443666
1237669698372043362,333.636738689708,6.66389547060135
1237669698908848827,333.477033176732,7.16493387005158
1237669698371978340,333.529512254117,6.67236234369412
1237669698371977579,333.589167364932,6.65886692490024
1237669698908914443,333.631120805178,7.177182578704
1237669763333030462,333.505274079429,6.89553866969904
1237669763332965584,333.489161007508,6.8432929063769
1237669763333030063,333.521088016415,6.82840175731417
1237669762796093548,333.499340051179,6.58444682851864
1237669762796093712,333.476895347583,6.5966325000119
1237669762796159965,333.606116370675,6.46900886076056
1237669697835107605,333.596011687536,6.30586252041425
1237662641734222537,247.503529181641,25.224634056513
1237662641734288752,247.659902911207,25.0650756894044
1237662641734287933,247.602328351748,25.0994328312116
1237662336258999428,247.640468992725,26.2266354307206
1237662336259064448,247.718576895805,26.1618171560991
1237661463844816067,247.602186480296,25.9042005396811
1237662336259064475,247.67295233804,26.0954960488433
1237662336259064541,247.721523770455,26.1394221929575
1237662336259063849,247.632810705948,26.1270326386811
1237662642270962331,247.580872293872,25.7876816340226
1237661463308076366,247.605561547059,25.4904206376338
1237661463844750532,247.617457919016,26.0158449390276
1237662336259064827,247.735869494976,26.2111603290734
1237661463844815430,247.663387186147,25.9096637257923
1237661463844881028,247.672167291938,25.7901037658685
1237662642271027722,247.640095632234,25.6365582303626
1237662642271027646,247.683536669457,25.5889745630848
1237661463308141728,247.745330215539,25.3474946465348
1237661463308140600,247.729178481973,25.3788335830522
1237662642271092866,247.776346668968,25.4278539676184
1237662642271093731,247.764253056243,25.4593600280728
1237662642271092902,247.772981088264,25.3937591231277
1237661463308141087,247.76254435782,25.2758316321349
1237661463308141225,247.70151339902,25.3324609567329
1237661463308142363,247.731499966838,25.2760725488823
1237661463308141242,247.695931882873,25.3159460809476
1237661463308142050,247.798960352176,25.2810627720445
1237661463308141273,247.739070499077,25.3151124880518
1237662641734353690,247.798860194503,25.0690307435489
1237662641734288004,247.692006020425,25.0307993530813
1237662641734353675,247.743138801015,25.0143289828367
1237662641734353860,247.799169888047,25.0016368588892
1237661464381621805,247.868037674989,26.2437337732149
1237661464381621807,247.885630800741,26.2628772248572
1237662336259129360,247.867899413524,26.1610747575678
1237662336259130593,247.837381837889,25.9655784683607
1237662336259130967,247.859386474288,25.981373421874
1237662336259130792,247.794985109654,26.0814150072926
1237661463844815990,247.781399849104,25.9269241998924
1237662336259129783,247.840674094801,26.1269968725472
1237661463844881123,247.784651182392,25.8604563177212
1237661463844880863,247.764761251861,25.7598809444832
1237661463844946169,247.897509602254,25.7173465747707
1237661463844946961,247.88820154035,25.6713467351885
1237662642271028300,247.785963361829,25.6079380950292
1237662642271093670,247.778740191488,25.5053417105821
1237661463844946435,247.883499907433,25.6170311463856
1237662642271158397,247.851393937975,25.3700771312516
1237662642271158494,247.947076697707,25.3893322104034
1237662642271159030,247.892810494814,25.389788561745
1237661463308142115,247.841298999351,25.2939423250257
1237662642271159896,247.93043653125,25.364446573313
1237662642271158813,247.922766479555,25.4093425563855
1237662642271094253,247.861450871278,25.4545669056201
1237662642271159035,247.983320486332,25.4805824909453
1237661463308272446,247.92027632084,25.0958372724682
1237662642271158867,247.968073822131,25.440808739373
1237661463308272542,247.932668463629,25.0478542520265
1237661463308272427,247.952994171584,25.143145912991
1237661463308272729,247.998183449054,25.0276769185997
1237661464381686177,248.018004690958,26.1648932975413
1237661464381751494,248.011310290203,26.1442604512575
1237661464381751785,248.013281225232,26.0748696644913
1237662336259130702,247.927425452071,26.0202414903968
1237661464381686227,247.971757537375,26.2338360876534
1237661464381686109,248.00771266122,26.2358397583324
1237662336259196116,248.006839085701,25.9024766912933
1237662336259195278,247.997901618233,25.920131605637
1237662642271159014,247.958359389022,25.5050279491984
1237661463844947095,247.959665791665,25.6991156863394
1237661463844946999,247.946013817339,25.7181435148518
1237661463844947445,248.024838875953,25.7502727178703
1237661463845077296,248.086959339807,25.5051617323728
1237661463844946467,248.026703629551,25.7177778874469
1237662642271159066,248.003508560599,25.3969324889639
1237662642271159660,247.992055158815,25.3756073986919
1237661463845077195,248.19912841666,25.4650365241529
1237662642271158911,248.017809811173,25.4408455005712
1237661463308272377,248.000384532761,25.2202904882387
1237662642271224918,248.206938811579,25.3329732908746
1237662642271159559,247.993327260439,25.4211079461242
1237661463308337942,248.110684726227,25.0616820945181
1237662642271290539,248.181095079362,25.2818859731712
1237661463308338527,248.192429595027,25.0320141920554
1237661463845078150,248.142874108363,25.4903674627978
1237661463308338083,248.094178456559,24.9743401563182
1237662642271224366,248.057559366669,25.2043768596836
1237661463308337956,248.023478048604,24.9626181912888
1237662642271290177,248.165318668232,25.2117948603466
1237661464381818334,248.179846713717,25.9841504328229
1237661464381686964,248.0584441423,26.2060687917579
1237661464381817573,248.203844581114,26.1066865502505
1237661463845011600,248.108315513787,25.6628170373581
1237661464381751846,248.212417402088,26.1774885967351
1237662336259261546,248.183518256648,25.9219216969194
1237662336259261380,248.084603554792,25.8671250113819
1237662336259261515,248.085980925952,25.8287471590536
1237662336259262032,248.156479010031,25.8814328569366
1237661463845077540,248.177870544317,25.6352133829437
1237661463845077994,248.196190125107,25.6056357898991
1237661464381751611,248.057187972212,26.1076811998642
1237662336259326858,248.218985018205,25.7921686460489
1237661463845077974,248.21352476765,25.6300028637456
1237661463845078040,248.189103743217,25.5808932495964
1237661463845143509,248.272755883857,25.4273298076968
1237661463845143704,248.266779936045,25.3647007942568
1237661463845143716,248.244431346946,25.3379544153031
1237661463845142863,248.366209086644,25.4789367492784
1237662642271290421,248.293808850229,25.221342808132
1237661463845143926,248.343087367905,25.3835679590669
1237662642271290710,248.275023936212,25.2260639953717
1237662642271289611,248.219846041279,25.2877546819136
1237662642271355732,248.392081916211,25.1687174886573
1237662642271355359,248.370914819215,25.1718386906809
1237662642271355741,248.376645367717,25.1502051333609
1237661463845208202,248.376000501869,25.2963155185601
1237662642271355737,248.317810826185,25.084933328509
1237662642271355919,248.371379963999,25.0592417399348
1237662642271421198,248.364962176353,24.9939552584384
1237662642271421244,248.416407374061,25.0294097379417
1237661464381883074,248.275821864232,25.9668462656777
1237662336796131963,248.407255445876,26.2180550203445
1237662336796132324,248.361480507358,26.1368037815647
1237661464381883810,248.283105722441,25.8630626433002
1237662336259327206,248.274216586956,25.723295170561
1237662336259391650,248.359867844607,25.7173183883895
1237662336259392105,248.312351830643,25.5777488342467
1237662336259392525,248.414508844136,25.7418527838753
1237662336259392796,248.353369888158,25.5746641689052
1237662336259457835,248.386246367337,25.5606568215429
1237661463845274544,248.444553701952,25.2228708925117
1237661463845209264,248.486424596239,25.378431414979
1237661463845209717,248.468930153147,25.4102672341437
1237661463845208768,248.47391661794,25.3114489885178
1237661463845208950,248.426688501316,25.4364971483797
1237662336259457503,248.464668503714,25.4890838468264
1237661463845273917,248.469427093688,25.2152291631519
1237661463845209087,248.445962476304,25.4069761229533
1237661463845208746,248.50179775781,25.2938734203109
1237662336259523524,248.55310566853,25.4067278911546
1237662642271486824,248.641393832378,24.9948786942098
1237661463845274927,248.581026882945,25.2555270147633
1237662642271421756,248.489421749235,25.0510224963343
1237662642271421506,248.467125777865,24.9562928581244
1237662642271421400,248.488225900458,25.0303743410413
1237661463845275183,248.580944806847,25.1492702719678
1237661464382013478,248.604312331154,25.8420121304515
1237662336796197419,248.599989492106,26.042607274238
1237662336259457871,248.498417931461,25.6598189944426
1237662336259457612,248.467987478076,25.5951757817409
1237661464382079555,248.722173613548,25.531811970999
1237661464382014343,248.593506674888,25.8246824885494
1237662336259523646,248.687289537701,25.4920697000497
1237661464382080186,248.677333720993,25.5764066154603
1237662336259457617,248.495166378781,25.6014070448235
1237661464382080600,248.660127528162,25.5674637342134
1237662336259458309,248.594914248933,25.5895026035669
1237661463845340809,248.744735177062,25.1353798162595
1237661463845339837,248.674767451637,25.0218544804365
1237662336259589312,248.709371900436,25.2635590595286
1237662336259523125,248.583637416016,25.4675417158955
1237662336259523945,248.586245388011,25.4145474690245
1237662336259523638,248.666524775107,25.4737314989944
1237662336259523703,248.689539464714,25.468740697489
1237661463845340720,248.65051041786,25.1138010878496
1237662642271487069,248.703275789312,24.9378541036966
1237661463845340133,248.680162553161,25.2112849859068
1237661463845405781,248.723435599762,24.9538924750707
1237662642271486903,248.653464875503,24.9687655104775
1237661463845340563,248.711241117517,25.0734330432825
1237661463845405112,248.7648463593,24.9830170375683
1237662642271487090,248.689785907988,24.9158543246264
1237662336796263482,248.731530719367,25.9921304975709
1237662336796394487,248.898575024041,25.7578430385838
1237661464918950482,248.969116459202,25.9078085666693
1237662336796459903,249.077266525959,25.7236010586054
1237661464919081991,249.251644768143,25.7051805110599
1237662336796459667,249.023761108419,25.7501605102977
1237662336796460326,248.92247535615,25.6309754680275
1237662336796460073,249.115707941927,25.6914171527127
1237662336796393921,248.973339233266,25.8571276975639
1237661464919081568,249.164720183478,25.7192654590118
1237662336796524826,249.090786365809,25.5268357602226
1237662336796525763,249.257119185164,25.5896261336716
1237661464382211187,248.910111861713,25.3932153181902
1237670956790645423,30.0034560034433,-8.83181148500928
1237652900761108774,30.0265052006163,-8.87242888921479
1237652900761108889,30.0570009094282,-8.86839177354976
1237670956790645552,30.0267113673598,-8.77265807904105
1237652900761043644,30.0029693387466,-8.92518466581388
1237670956790710531,30.0516037854274,-8.75963327671798
1237670956790710635,30.0780602878191,-8.68268628498479
1237670956790710678,30.0975428995746,-8.77060341663133
1237670956790645488,30.007793589408,-8.67034454353278
1237670956790645581,30.0316541951064,-8.70752156349298
1237670956790645518,30.0137081216652,-8.6896171941119
1237670956790645888,30.0338824619616,-8.72559085745852
1237652901297979689,30.099801736441,-8.63953167507768
1237679338955997948,30.0501061070794,-7.64313158081384
1237679338955997339,30.0292174016296,-7.76743186973781
1237679338956063086,30.0616647256576,-7.69522679801059
1237679338956062920,30.0845525074062,-7.65916272061644
1237679437738606667,30.1072495416434,-7.9421973558398
1237679437738607113,30.026960423422,-7.89655531655835
1237679437738606789,30.0830646994808,-7.89054945225914
1237679437738607337,30.1039262345585,-8.03473474107521
1237670957327516283,30.0003640243197,-8.27040838325142
1237670957327581946,30.0973558823916,-8.32809162377488
1237679437738607637,30.0721271568453,-8.0525190875297
1237670957327581551,30.0453054517711,-8.44209642576659
1237670957327581660,30.0849308574619,-8.30778805956444
1237679338956063295,30.1657563875388,-7.75974411266908
1237652901834916232,30.1457577016689,-8.06571987252577
1237679437738607520,30.1736381017255,-8.02768916283669
1237679338956063492,30.1345549423555,-7.71139158577651
1237652901834916407,30.2240985571585,-8.13247311330458
1237670957327581981,30.1400310261453,-8.3550267444766
1237679338956063568,30.1845906106879,-7.76162554393072
1237679338956063317,30.1835486859864,-7.82994829673994
1237679338956063225,30.12975597165,-7.74606391297672
1237670957327581820,30.1532594608799,-8.2533605223181
1237679437738672641,30.1994818346412,-7.90867980181135
1237670957327647008,30.1655878100075,-8.30685551464976
1237670957327647213,30.2409660295593,-8.34699701543914
1237679339492999600,30.2386672545076,-7.39129548801404
1237679339492999794,30.3205498032064,-7.22445913659281
1237679438275543841,30.2863388053537,-7.438084545669
1237679339492999717,30.2873629712249,-7.31538571566524
1237679438275477655,30.1202964162979,-7.60265993651231
1237679438275477717,30.0588259747891,-7.62198455607775
1237679438275478133,30.0549630821362,-7.5619847274312
1237679438275477693,30.0361189194689,-7.61942727667831
1237679339492933785,30.1248143592924,-7.41551350113096
1237679438275543089,30.2506680322766,-7.44878320584557
1237679438275543208,30.2175626206229,-7.44525453556358
1237679438275478334,30.1049935004597,-7.43872565893598
1237679339492999954,30.3207902514246,-7.39233760080343
1237679339493065065,30.3617581666687,-7.22537215302078
1237679339493065440,30.3759560662034,-7.27390908114311
1237679339492999336,30.3189489065989,-7.31383741557052
1237652901834981912,30.3548573873358,-8.11733322472892
1237679437738738083,30.3450716719439,-7.92622131251414
1237679437738672831,30.2878643232899,-8.03932677529095
1237670957327712444,30.3212886793831,-8.26779809735909
1237670957327712538,30.3262859120121,-8.32795594714753
1237652901834981964,30.3707061067733,-8.07126770397399
1237679338956128635,30.2380052969859,-7.73101117651002
1237679338956128362,30.2432585704386,-7.70013844423704
1237679437738672729,30.2366230926456,-7.95498431647521
1237652901834981796,30.3157293580635,-8.21085813929018
1237679338956063603,30.2105955532264,-7.74444647984925
1237679338956128713,30.2718708803771,-7.7553607090089
1237652901834916448,30.2462767418494,-8.18005472200372
1237670957327647174,30.2219930065063,-8.32919299471877
1237679438275609136,30.35257825698,-7.47174654454021
1237679438812545332,30.4514019902219,-7.19425456972482
1237679438275543677,30.2312635849202,-7.60356417422049
1237679339493064802,30.3717437435446,-7.3003709333601
1237679438275543809,30.2814215802822,-7.53256137226571
1237679438275543183,30.1975202970959,-7.60171390602993
1237679338956063348,30.1913518164358,-7.68455502290654
1237679339493064836,30.4180564492846,-7.26671173971359
1237679438275609190,30.3786079970338,-7.5160424837604
1237679438275544021,30.2836035750257,-7.51159271944276
1237679438275609652,30.3975390967415,-7.51481382383368
1237679339493065157,30.4021492989332,-7.31153239189807
1237679438275543959,30.2247294277549,-7.58651300172822
1237679339493064871,30.3899720416294,-7.33457935029247
1237679338956194103,30.3649030457278,-7.6428764781852
1237679438275608685,30.3460562703339,-7.58719457690933
1237679338956129079,30.292517140921,-7.65292040520559
1237679438275608768,30.3343631873166,-7.52688246481498
1237679338956128817,30.310373157259,-7.65846882166134
1237652901835047642,30.4552584288284,-8.17747803150353
1237679338956194128,30.3800519087926,-7.75104009211473
1237679437738737857,30.4314377628219,-7.92353836369294
1237679437738738145,30.3653825955198,-7.83483098937937
1237670957327712872,30.4454655589864,-8.39160868484754
1237670957327712754,30.3942017605163,-8.2762150678808
1237679338956194149,30.395483372459,-7.81504774297222
1237679437738737862,30.4485162763562,-8.0367241199589
1237679437738737953,30.400381829877,-7.98691635721018
1237670957327712438,30.451059925445,-8.20582428836312
1237670957327712621,30.3568988124359,-8.38320567097328
1237679437738738212,30.3998151516832,-8.01790743637651
1237670957327712669,30.3695184211203,-8.32263160714858
1237652901834981599,30.385876460104,-8.04872415615514
1237652901834982032,30.3920574765213,-8.09955793815987
1237670957327712712,30.378652322796,-8.2441537772983
1237679438812545786,30.5419411232711,-7.15869771900924
1237679339493130253,30.5002373849123,-7.21159006437432
1237679438812610987,30.6032823052925,-7.05822212042737
1237679338956193865,30.4127008579331,-7.63617807322137
1237679339493130823,30.559209141668,-7.27283351771818
1237679438275674324,30.5291472626967,-7.46524028478583
1237679438812611078,30.6294620809793,-7.08527308716974
1237679438275674664,30.4843055108661,-7.46718719194401
1237679438275740091,30.6039192670126,-7.55904118339607
1237679438275674228,30.4925727476343,-7.55693988585567
1237679339493065396,30.4851261392084,-7.22120077305442
1237679438275674387,30.4617189520702,-7.54740432839685
1237679438275674938,30.5853715926226,-7.60941145295069
1237679438275609366,30.4288640335817,-7.61483357933462
1237679438275608788,30.4428018279063,-7.57014594690933
1237679338956259554,30.5608457299254,-7.65495273821184
1237679438275739926,30.6745425523021,-7.55687073064048
1237652901835047656,30.4685582704001,-8.19535136182358
1237679338956259855,30.6181141620543,-7.76860441386098
1237679437738803597,30.5135503232605,-7.87265423266814
1237679437738803629,30.5271380515939,-7.8942397004933
1237679338956259815,30.5962130512237,-7.74294267572381
1237679338956259687,30.5295185424023,-7.79398281457938
1237679437738803869,30.480648882279,-7.91086299908391
1237679437738803529,30.4910807225743,-8.03420786008716
1237670957327778085,30.4740405496718,-8.21287426658801
1237670957327778172,30.5293916862741,-8.40381987118604
1237679437738738731,30.4550198076319,-8.01837491735876
1237670957327778134,30.5026401003346,-8.30227280881229
1237670957327712934,30.4675805406005,-8.41232183622821
1237679338956259740,30.5491659134845,-7.69592548588882
1237679438812611292,30.6913380692177,-7.09555717271022
1237679339493131096,30.636962274753,-7.28086065865556
1237679438275740273,30.6474520219137,-7.55067331001987
1237679438812676315,30.7695570055047,-7.10919224483964
1237679438812676645,30.7696842566143,-7.15427119627844
1237679438812611415,30.7297120538259,-7.12030552547529
1237679338956259496,30.6066004805795,-7.66534461246623
1237679438275740803,30.704146773087,-7.5127247742889
1237679438275740369,30.6751988506311,-7.47179030187577
1237679438812676854,30.805958185042,-7.06816872261402
1237679438275740126,30.617237093387,-7.59814211887267
1237679338956194354,30.4869920459442,-7.61934600981052
1237679438275740158,30.6218479119493,-7.5336665698322
1237679438275739868,30.6865730722088,-7.60753208099074
1237679438275739966,30.6324383501911,-7.56656910070834
1237679339493196139,30.6666399530222,-7.29137438199131
1237679437738869265,30.7284696760131,-7.94238468889994
1237679437738869553,30.7088471313226,-7.86401555193295
1237652901835112655,30.649869587497,-8.15937403270485
1237679437738869190,30.6883821168461,-7.86274709757943
1237679338956325262,30.679306744596,-7.69271444606886
1237652901835112800,30.6233905890955,-8.18175046714526
1237679437738868855,30.672720624434,-7.84811502939018
1237679338956259927,30.6563105955888,-7.68212219994539
1237652901835112785,30.6134439115269,-8.16631351951101
1237670957327843490,30.7231753983874,-8.38925589094313
1237670957327843553,30.6172392654384,-8.25791166453486
1237670957327778336,30.5859147999453,-8.23478086749724
1237670957327843696,30.6763572061272,-8.35377283744032
1237679438812676267,30.8238539573748,-7.06092672466947
1237679339493262225,30.8671381673141,-7.32711185674091
1237679438275805993,30.8432749033084,-7.50325482464928
1237679339493261780,30.8345878833181,-7.30857437636573
1237679339493261705,30.8082484087947,-7.25584821815994
1237679438275805944,30.8353664142387,-7.58051295036899
1237679338956324978,30.727030544381,-7.65077127498827
1237679339493261630,30.789766461913,-7.22349386230042
1237679438812676330,30.7948855722917,-7.17537194456581
1237679339493262216,30.8568085145388,-7.29330159989988
1237679338956325411,30.7400469512079,-7.6058473764885
1237679438275806263,30.8136601327734,-7.58314130521076
1237679339493261525,30.8401585731031,-7.26581232340546
1237679438275739949,30.7489622021267,-7.45689928167216
1237679338956325542,30.8032865768435,-7.73719030214306
1237679338956391062,30.8329263319514,-7.76007572095385
1237670957327909586,30.8650626350362,-8.33676552095602
1237679437738934664,30.8094074132719,-7.97382954505429
1237670957327909282,30.8502759302459,-8.37679231527459
1237679437738934396,30.7998799104597,-7.92830725595278
1237652901835178449,30.7998576876537,-8.16905921179287
1237653502044406098,39.5932157256793,-8.03438587430604
1237653502044471569,39.6991414172664,-7.83102034116241
1237652901302173975,39.6656653031129,-7.77679468168298
1237653502044471713,39.7760280360602,-7.8592717927373
1237652901302174019,39.6758316539425,-7.66816771885265
1237652900765303368,39.7675179538372,-8.07993854991585
1237653502044471452,39.7598546913748,-7.96253178190033
1237653502044406192,39.6328275108117,-7.9659564343384
1237653502044471601,39.73976340419,-8.01473501629134
1237653502044471670,39.7709158226489,-7.94876912634093
1237653502044406138,39.6146716061714,-8.01837523393956
1237653502044471726,39.7974390376326,-7.98742999265636
1237652900765303226,39.8052270571647,-8.17194620008593
1237652900765237777,39.6514633363826,-8.16984715891397
1237652900765302995,39.682699854399,-8.23544062761866
1237679253061042612,34.8760917765335,-5.26827769147928
1237679321787531538,34.8629149601805,-5.39716768579599
1237679253061108260,35.1020297286803,-5.34704420384806
1237679253597847695,34.7895555311182,-4.89433130312565
1237679322324337136,34.7256428846718,-5.00571762753201
1237679322324534096,35.2603160833887,-5.12779846407692
1237679253597847963,34.750961504246,-4.80965654263873
1237679253597913627,34.9169791877935,-4.85424108512707
1237679322324337036,34.6880398084683,-5.07085434947878
1237679254134980678,35.2622615570798,-4.43448843071146
1237679253598109876,35.3866702678054,-4.89377348023966
1237679322861404723,35.1945345937064,-4.73156582654525
1237679254134981277,35.394010183361,-4.41119780955509
1237679323398406274,35.5003539362311,-4.30234070219549
1237679254671655642,34.9132586395283,-3.99401852085086
1237679254671655151,34.9241186267712,-4.00930230957926
1237679323935211630,35.3232660096675,-3.88816246833151
1237679254671721238,35.0566110833876,-4.07541058137244
1237679254134391127,33.9207520642407,-4.56436942927575
1237679322861535420,35.4658794610522,-4.7048560984866
1237679253060911771,34.593919464077,-5.28960241154507
1237679322324271649,34.6120771821248,-5.10661106386335
1237679322324271600,34.5853195813597,-5.03525817771747
1237679321787466162,34.7355474947322,-5.47209636307799
1237679322324271497,34.535075437022,-5.07996420918936
1237679253597782398,34.5134837949545,-4.80455478708382
1237679253597717088,34.4924788769335,-4.86538021591031
1237679322324271675,34.6214770467728,-5.0290963188902
1237679253597782574,34.6527546391901,-4.97234532301464
1237679253597782518,34.6019993545076,-4.948959530162
1237679322324336984,34.6649787854059,-5.016129799254
1237679322324271730,34.6432047345175,-5.01203494106449
1237679253597782344,34.6001408706188,-4.88460326445373
1237679323398078695,34.6975565833536,-4.26514612181862
1237679254134718777,34.6662016647131,-4.37684817912469
1237679254134653462,34.6379254534687,-4.35424776960036
1237679322861207720,34.6572240527247,-4.5996820206723
1237679254671590138,34.7009998825198,-4.09251729015834
1237679254671655297,34.781927318932,-4.03049322514843
1237679323398078667,34.7250927364983,-4.21420550252195
1237679254671655356,34.8029280306548,-4.01560798315896
1237679254134784532,34.901113071176,-4.44284250022423
1237679254671655393,34.8212468064114,-4.0633550410604
1237679254134587431,34.4523932343749,-4.53574739044479
1237679322861208137,34.762294115093,-4.74486521816601
1237679322861142282,34.5052535523084,-4.63878987729947
1237679323398013753,34.5946585737668,-4.18914639912077
1237679323398013214,34.5799812074035,-4.30424601456193
1237679254134653289,34.5573212208311,-4.5199209608549
1237679254671458519,34.4721984516578,-4.12656771924227
1237679323398013420,34.5323297689679,-4.29938352160404
1237679254134587974,34.4387328333455,-4.51742914425143
1237679254134588074,34.4863502330905,-4.56684112732868
1237679253060845922,34.3924514988336,-5.22754707746354
1237679322324206274,34.3780510987673,-5.06966466606974
1237679322324206180,34.4879575929778,-5.05083905882539
1237679322861076854,34.394397626594,-4.66279613992464
1237679322861077133,34.3502298820237,-4.72465311321164
1237679253597716583,34.4357055621193,-4.88187864807155
1237679253597717071,34.4941453385533,-4.98183826950907
1237679253597716677,34.3990242058004,-4.83115785877861
1237679253597717038,34.4738825652894,-4.80868090473121
1237679253597717044,34.4808676784239,-4.92653828458532
1237679254134587763,34.3602929117781,-4.4414608629106
1237679322861076798,34.3666778272702,-4.57794280318178
1237679323397947890,34.3939306832524,-4.23534588991747
1237679323397947875,34.386715333463,-4.16735621486293
1237679254671458767,34.3993826278407,-4.07117580384254
1237679254134587878,34.4041568959311,-4.46774496856398
1237679323397947597,34.4439759475843,-4.19463251819815
1237679254671458561,34.4691835686845,-4.06550087196927
1237679254134522697,34.2824262576513,-4.50195221615004
1237679254134522193,34.2243965910495,-4.57175026506025
1237679323397882335,34.2286468118715,-4.35736330797532
1237679254134522251,34.2440573485793,-4.55400406847624
1237679254134522430,34.3061837962879,-4.53258059422378
1237679254134522317,34.270023948695,-4.47950360976416
1237679254671458687,34.3592673500631,-4.08240822230346
1237679323397882499,34.2873200148987,-4.18510757596674
1237679323397947610,34.3732433567611,-4.20789833617471
1237679323397882440,34.2703479157679,-4.33062003219708
1237679341105447383,34.3960735612443,-5.70505795109904
1237679253597651378,34.2641709481297,-4.92596997745889
1237679322324140547,34.2931179640539,-5.07733280859125
1237679322861011365,34.2463496646411,-4.75904433532279
1237679253597651353,34.2513575463514,-4.97839438725959
1237679253597651046,34.3111164292057,-4.9199521543674
1237679322861011198,34.2207059658599,-4.67081323593534
1237679322861011282,34.2057230129674,-4.63527555194817
1237679322861011361,34.2398029844411,-4.6640482572318
1237679322861011552,34.3395857442278,-4.7435949615861
1237679322324140816,34.3512413261159,-5.02553826513516
1237679253597651472,34.2932378038785,-4.93069344313383
1237679254134457186,34.1020092715291,-4.5372721440444
1237679254134456488,34.1350548965128,-4.54370865161011
1237679254134456750,34.0873754275782,-4.3879906626498
1237679323397816928,34.1143789996525,-4.35001614017059
1237679254134456856,34.1285143749624,-4.4810641563133
1237679254671327611,34.0704928621091,-4.15747183206827
1237679254134456950,34.149221278875,-4.47862002288679
1237679323397882214,34.1862457073473,-4.31326468298249
1237679254134456958,34.1507870480778,-4.45154522667699
1237679254134522165,34.2124345612068,-4.51446009192337
1237679323397881975,34.2194117754979,-4.29059444154609
1237679323397882169,34.1719497828934,-4.23180293205116
1237679254671327778,34.113249659362,-4.10546337058141
1237679322861011141,34.198525177412,-4.60672330460365
1237679254134456744,34.0892227027298,-4.47879759578845
1237679322324075129,34.1682491753841,-5.00173099547871
1237679321787269582,34.2933294303294,-5.605579624454
1237679253597585990,34.1216046925587,-4.93018823221849
1237679322860880605,34.0338067014165,-4.74294800767766
1237679322324074755,34.1550500067919,-5.02257680736053
1237679322324140465,34.2417773951361,-5.03087679831299
1237679253597585898,34.0769053334343,-4.8001282663349
1237679322860945522,34.0797758992346,-4.66339296924714
1237679253597586018,34.1298975828632,-4.89256474700382
1237679322860945726,34.0615725326987,-4.66958132893641
1237679253597586114,34.1837675054334,-4.87773442375428
1237679254134391317,34.0020421519044,-4.52335977116734
1237679254134391223,33.9559880733378,-4.46614208957957
1237679254134456681,34.0706061911465,-4.48181433474375
1237679323397750888,33.919272544355,-4.20550018684487
1237679323397816754,34.0585831508569,-4.36201869165277
1237679254671262117,33.89980006771,-4.16073853713611
1237679254671327588,34.0583238965515,-4.09679382107011
1237679323397816762,34.0551870995417,-4.17014436217487
1237679323397816333,34.0464794032531,-4.2354085037867
1237679323397816689,34.0335871807834,-4.26729779176427
1237679323397750960,34.0199723676302,-4.23255144127035
1237679322323943941,33.8864563656696,-5.08540809106639
1237679253597520492,34.0484355015879,-4.92237744859567
1237679322860815075,33.864687777525,-4.72513488320746
1237679253597520490,34.0464303698879,-4.85859455217493
1237679253597454495,33.8906331442536,-4.83498744431342
1237679322860879970,33.9173794454182,-4.63414480970501
1237679321787138170,33.9886355045701,-5.49938185891137
1237679322860814585,33.8725496432881,-4.68191645495874
1237679322860814520,33.8482373063243,-4.63978727145548
1237679254134325989,33.8930541982263,-4.58905030298984
1237679254134260162,33.7292438338983,-4.51563061564302
1237679254134325577,33.8272643313731,-4.59495723716606
1237679254134259864,33.738827907348,-4.49992998706564
1237679323397685381,33.7509841699793,-4.22582754703277
1237679254134325562,33.7920373813327,-4.52754601270006
1237679254134325941,33.8641354029059,-4.42411317937641
1237679254134325808,33.8175007292699,-4.47045239190056
1237679254134326158,33.8647931057765,-4.58753896486813
1237679323397751111,33.8906800878262,-4.24351212748873
1237679323397685884,33.8572254337907,-4.30882093387728
1237679254671196285,33.830291613779,-4.10507758842844
1237679254134326195,33.892809324705,-4.46502826724869
1237679254671196231,33.7638550585061,-4.06541187323081
1237679341105250441,33.8952036959012,-5.75441685981408
1237679341105250613,33.8771903906938,-5.80132494951998
1237679440424665108,33.8684077804441,-5.5517020322714
1237679322860814555,33.8015207142835,-4.74876311486712
1237679253597454374,33.8157174621198,-4.87589612789909
1237679322860814650,33.7700009154939,-4.79402372492207
1237679322860814576,33.8173961456597,-4.75696708286713
1237679322860749297,33.7102627013665,-4.61626966460354
1237679322860814550,33.7618095236508,-4.60857929603856
1237679254134260648,33.7375483797307,-4.57578452944187
1237679254134260625,33.729279153362,-4.59116481564702
1237679322860814982,33.8360973940158,-4.65412180578049
1237679322860814612,33.7997762286205,-4.67449978009203
1237679323397620302,33.6791665431253,-4.21915400303657
1237669769764865055,33.5967834530983,-4.47199531834001
1237669769764995783,33.5934238160432,-4.1803932965115
1237679254134259971,33.665361414446,-4.53104432999388
1237678619575517312,23.2878198176235,2.90495159817384
1237680100773921146,23.1937575610194,2.76355814651973
1237680100773855380,23.0859853927075,2.64916324900946
1237678619038646491,23.3227288460926,2.55557271455688
1237678619038516023,23.0951843034442,2.49982511177221
1237680100773790615,22.9853801533898,2.63668229535138
1237680100773855903,23.0759168947864,2.58676088192011
1237680100773855479,23.1003712238883,2.61797741670509
1237680100236984836,23.0569203242444,2.34592217841698
1237680100236984655,23.0083041134611,2.37522459415084
1237680100236984778,23.0424541580801,2.23991920076282
1237678619038515720,23.0008587380729,2.41401332500363
1237680100773855474,23.0703168672377,2.62908802890366
1237680100236984703,23.021805037989,2.31425828390033
1237678619038516016,23.09128155874,2.39644662246625
1237680097552761226,23.3699318976886,3.54457971452202
1237678660360208545,22.7624513349682,3.64759857069021
1237680097552695608,23.2161063049233,3.61188453525453
1237678620112388658,23.3288619542873,3.28541690013536
1237680097015890478,23.4134827103309,3.20241024401359
1237678620112454543,23.4324322878219,3.34293425799902
1237678620112453862,23.4093496504591,3.34785622078137
1237678619575517315,23.3141828928998,2.89874346102796
1237678620112453988,23.5207493004896,3.31172114934143
1237678619575517979,23.3949608516219,2.927446019617
1237678619575518188,23.3833383113615,2.9911300708687
1237680097015825104,23.2966637494504,3.04968167278906
1237680097015890082,23.3934226332078,3.00916797275279
1237678619575517324,23.3194488307135,2.79907243176181
1237680100773986635,23.4032802308737,2.74360890488472
1237680100773921187,23.2024381349218,2.72980667797593
1237678619038647221,23.3964088938683,2.54405575503268
1237680100236985124,23.147473455388,2.36048601837033
1237678619038647166,23.3801063777062,2.52655038234027
1237678619038646301,23.2803225112845,2.38914715384894
1237680100237050050,23.2584080768856,2.34393729186727
1237680100236985110,23.1414475634542,2.32324358751256
1237680100237050214,23.1889206117243,2.22334291712464
1237680097552826842,23.5743506491324,3.52146368684311
1237678619575648678,23.57451940699,2.93535185312328
1237680097016021396,23.6610730690187,3.15375357459647
1237678619575648666,23.5715766295105,2.91403037531928
1237678619575648821,23.6136358497889,2.82394605332993
1237678619575648919,23.6375492824651,2.90447033777971
1237678619575583554,23.5428136345804,2.85913020107551
1237678619575648277,23.5964881757404,2.79692416524168
1237678619575583408,23.495520492988,2.79212291242259
1237680100773986371,23.4385115165711,2.76871471616336
1237680100774052770,23.5912162236627,2.6857690958468
1237680100774052794,23.5995061127327,2.70989723333054
1237680100774052116,23.5955123444329,2.77508435163915
1237678619038777563,23.6781456073572,2.39629566795424
1237678619038777551,23.6358815227577,2.54550477471198
1237678619038778320,23.6758787391249,2.45380166457029
1237680100237181695,23.5809753246396,2.3444401406227
1237678619038777415,23.6357632076462,2.42573584895754
1237678619038712245,23.5417962181507,2.55533920898419
1237678619038777544,23.6129910651595,2.46438986777198
1237680100774052639,23.5618551805117,2.71961069959282
1237678619038712759,23.5334013047751,2.53840153071568
1237678619038777847,23.5772254513913,2.52475918271497
1237678619038777750,23.5609066290459,2.55790998039855
1237680100774052678,23.5682247840455,2.6688284172933
1237680100774117550,23.6750341326222,2.77479092359667
1237680100774183081,23.8107285305495,2.71738922699109
1237680100774183381,23.7817381913572,2.66300175750216
1237678619038908478,23.875112803616,2.45485216806533
1237680100774183431,23.7937689122595,2.75506774583715
1237680100774118541,23.7484289510684,2.78499095419075
1237680100774183301,23.7640158545398,2.67046476293155
1237678619038843029,23.8018447653384,2.52012780044812
1237680100774118272,23.7467536483437,2.7578560165536
1237678619038843241,23.6995938410375,2.49914964786544
1237678619038843129,23.7663481589479,2.5406391085455
1237678619038908610,23.9056390620155,2.39691099279584
1237680100774118289,23.7488550173563,2.59847735909598
1237680100774183788,23.9002458415999,2.57331925921581
1237680097552827217,23.6240762659615,3.42516863430737
1237678619575649132,23.6949432291999,2.97205304151992
1237680097552892283,23.6644118515771,3.5126706682068
1237678620112585269,23.7376678371597,3.36324084517741
1237678620112585077,23.8111929486867,3.32491965273099
1237680097016087097,23.8420071365633,3.01283909866347
1237678619575648488,23.6894498254129,2.93005358901404
1237678619575649024,23.6612188175687,2.80735052699629
1237678619575714423,23.8042581012681,2.88760737438377
1237678619575649130,23.6935609158185,2.90107164340486
1237678619575714493,23.8219406449137,2.89319806573068
1237678619575713882,23.7741887471933,2.81080320796422
1237678619038712396,23.4183644114613,2.38861096911847
1237678619038712725,23.5237436520613,2.56988314363295
1237680100774052307,23.4782685179373,2.71312071291653
1237678619038712451,23.4363592344736,2.42300289412244
1237680100773986657,23.4303650660136,2.63965424093118
1237678619038712507,23.4541137637538,2.46556768836875
1237680100774052150,23.5268769612157,2.66019648424921
1237678619038712661,23.5042296523901,2.49871943540298
1237678619038646443,23.3751682597965,2.38169077190638
1237678619038712593,23.4835108702056,2.51243048574223
1237680100773986612,23.3751262269086,2.74681977575211
1237680100773987249,23.4331175115081,2.73947682508968
1237678619038712891,23.4071021898875,2.50590279623088
1237680097016152266,24.0857995435694,3.12873166840232
1237678619038712696,23.516260499621,2.42514801296284
1237680100773986655,23.4252039847262,2.62084422740196
1237678620112650908,23.9296652271871,3.27118167794504
1237678619575845639,24.1476573321503,2.98724618599753
1237680097016087222,23.8811465328436,3.0257643655606
1237680097016152257,24.0132225429911,3.1747790828083
1237680097016086575,23.8892032062543,3.00852570232795
1237678620112651137,23.9967451225261,3.30721592667302
1237680097552957883,23.8295365644288,3.4381759531921
1237678619575779862,23.9146907230984,2.93760598056606
1237678619575714867,23.8448332700096,2.91210189514705
1237680097016086565,23.863352577271,3.01269371047038
1237680097016217958,24.1366364379489,3.14376612742527
1237678619575779684,23.8558624820614,2.7946430512351
1237680100774248988,23.9464025370651,2.73231241914193
1237680100774248893,23.9206058194082,2.65337348670278
1237680100774248957,23.9369779602559,2.63316767223602
1237680100774249196,24.0075998939702,2.63909333918006
1237678619038909767,23.9725973369613,2.45600644212846
1237678619038909657,23.9217343361221,2.54323427624051
1237678619038909440,23.9902929217366,2.5689621691059
1237678619038974126,24.0033081726108,2.47398170885685
1237678619038974573,24.0352926493506,2.52521983576055
1237680100237378247,24.030973672081,2.3602066062806
1237678619038974255,24.0714919246124,2.5061702296936
1237680100774314619,24.1801063636832,2.63657960112712
1237680100774380317,24.3269932837646,2.75790158933873
1237680100774379763,24.2602395397452,2.7527105887551
1237678619039105853,24.4314535860044,2.50642566342218
1237678619039039663,24.216810010464,2.52009214574838
1237678619039105688,24.3812042349629,2.42750877779158
1237678619038974762,24.0834922505541,2.5637524742847
1237678619038974891,24.1170642691033,2.47538172223321
1237678619575911023,24.274626245877,2.81239558465305
1237678619039105581,24.346409873232,2.39224734361901
1237678619575910531,24.295149250804,2.9335630375823
1237678619039039647,24.2100133008743,2.50131239266611
1237680100774380028,24.249647900523,2.61932366861284
1237678598090129797,359.128973736014,3.21372843714008
1237678598627787088,0.933622125444231,3.64450500122485
1237678660350640696,0.902747936296066,3.78081349589033
1237678598627721802,0.885780096578685,3.71448320665598
1237678598090850719,0.859232311641506,3.2586807405673
1237678598627721767,0.874068801929866,3.63769076173167
1237678660350705906,0.99031874095931,3.76346384373925
1237678598627787515,0.983883544962453,3.69652924668962
1237678598090850613,0.807282263506863,3.1711288217221
1237678598627786946,0.933070086775842,3.56102287433655
1237678598627787006,0.993147907198818,3.59513899054837
1237678598627721291,0.78353783911416,3.59953832334462
1237678620102492939,0.715997917938239,3.42403355465632
1237678598090719387,0.601532297024562,3.30080149231516
1237678620102492325,0.750864292975962,3.52489453909028
1237678620102427016,0.540911611276158,3.38487437939385
1237678620102492592,0.765418836887534,3.53850786021822
1237678620102426904,0.540579813618876,3.44734495628369
1237678620102492585,0.73549402736586,3.41784410487583
1237678620102427030,0.584903417843179,3.50383544478763
1237678660350575387,0.713319270324916,3.76015034872764
1237678598627656003,0.631210793485309,3.69994549266341
1237678598627656292,0.751051193146736,3.69175839347394
1237678619565621767,0.64724011851149,2.94478515370869
1237678619028620001,0.421043130360999,2.69142774694169
1237678619565556286,0.521736513750454,2.93136883574288
1237678619565686946,0.8016140691945,2.97399866835968
1237678619565621787,0.658387520601877,2.91447667365198
1237678619565687161,0.797898731965461,3.03515559376531
1237678597553914040,0.671402607050481,2.81473246039082
1237678619565556668,0.489724096094562,3.07215658844032
1237678598090784928,0.676049059931302,3.12500264151968
1237678598090719759,0.612933853059587,3.16388694669557
1237678598090719485,0.486255427959122,3.30948674580885
1237678598627590638,0.552491165445872,3.6063737505376
1237678598090653975,0.348860415282104,3.2895508677922
1237678620102427649,0.495331320439902,3.45678233449516
1237678598627590866,0.518020643759428,3.69541300156586
1237678620102361290,0.389311048858644,3.39423513164193
1237678620102427264,0.506184358601161,3.39977304779262
1237678620102361653,0.393200786377747,3.53092893495255
1237678620102361135,0.43069337976948,3.37877844490301
1237678620102361669,0.400239155269333,3.42137701121923
1237678598627524925,0.376640453502148,3.70520686141662
1237660025031951084,340.245691213098,-0.818676751806684
1237663543150510247,340.281353935671,-0.211459130267818
1237663478724887546,340.197228812647,-0.332349898830047
1237663543150576051,340.419960517191,-0.0555362531982023
1237660025031950475,340.157515277359,-0.667430524772871
1237663542613574357,340.217830013873,-0.543357468392617
1237663542613573849,340.19760138594,-0.513010719642938
1237663542613574271,340.174850060376,-0.615914306049323
1237663478724952823,340.295933396057,-0.409770413760484
1237663542613573679,340.17380187986,-0.588364957786403
1237663543150510240,340.275912250123,-0.0885071174585285
1237663478724887403,340.141387010301,-0.280780566895571
1237660024495080492,340.205987765949,-1.19930520647041
1237660024495079693,340.12861203227,-1.18538052442332
1237660024495014495,340.072700778734,-1.21365373921955
1237656906346398329,340.185754445582,-0.951117722810876
1237656906346398224,340.135945108706,-0.931182123129728
1237660024495014848,340.08045798512,-1.16532258474536
1237660024495079999,340.136909671243,-1.05639283596555
1237660024495014532,340.082356829458,-1.12709609079956
1237660025031950882,340.176247928235,-0.670199704017688
1237663478724821572,339.97227269466,-0.26543581797266
1237660025031884981,339.973572686027,-0.640087856338699
1237663542613508888,340.066743981758,-0.474904087708805
1237663478724822184,339.998309681532,-0.390575454850253
1237663543150445473,340.121786489791,-0.052296449948385
1237663478724887062,340.064194662368,-0.260672172279209
1237660025031885421,340.00156358468,-0.655181715512999
1237663542613508894,340.070274378988,-0.492220837999135
1237663478724821917,340.015493987462,-0.304631468482267
1237663543150379522,339.978359396791,-0.211243797116437
1237663543150379916,339.993310786067,-0.140109664091856
1237660024495014709,340.005537901162,-1.18710930540825
1237660024495014343,340.002340015386,-1.21354423833734
1237660024495014668,339.9854476116,-1.1481410291599
1237660024494949319,339.922588107856,-1.1592750250204
1237660024495014066,340.015826393685,-1.11044442258401
1237656906346332239,340.019727905055,-1.01212936030278
1237660024494949056,339.934633077472,-1.20558537871452
1237660024494949293,339.907356835474,-1.17334089950125
1237660024494949345,339.937575939781,-1.10336819822543
1237656906346333127,340.072701134286,-0.979504018203108
1237656906346332953,339.97151344556,-0.972131329903355
1237656906346267302,339.906289274984,-1.04135196040936
1237660025031885202,339.973574425714,-0.686726276513443
1237660025031885768,339.982062743602,-0.7462620102795
1237660025031819900,339.860072808787,-0.8149210716861
1237660025031819433,339.878446704244,-0.672301667174191
1237663542613442625,339.903929450542,-0.46830688310063
1237663542613443575,339.89849445919,-0.618482570663963
1237663542613443188,339.882391298888,-0.573528251477757
1237663542613378011,339.804300899268,-0.457548414159174
1237663478724755781,339.847565921843,-0.383110528591156
1237663542613443587,339.91217588057,-0.525013765446231
1237663478724821714,339.939034565471,-0.306293120648773
1237663542613443470,339.836815671255,-0.473699342958223
1237663478724756197,339.827975775426,-0.295423301727881
1237663478724821354,339.917995342865,-0.300893416780421
1237663543150314367,339.943090854296,-0.134203331560998
1237663543150314533,339.865529026986,-0.146216771385583
1237663543150314145,339.869315490743,-0.122313274563704
1237663543150313884,339.862574183459,-0.100518130035508
1237660024494883863,339.776686333274,-1.07303608758386
1237660024494882859,339.69586819183,-1.24608659570914
1237660024494883496,339.723619133402,-1.16723286738827
1237656906346267197,339.859401082615,-1.03654363309937
1237656906346201750,339.744102575021,-0.905489792715833
1237656906346267428,339.818534232009,-0.839071394992061
1237660024494883150,339.74977830543,-1.05980674953536
1237660025031819762,339.807793206412,-0.737393217034385
1237660025031754349,339.733670645307,-0.70561310793041
1237660025031754316,339.72150380197,-0.665403604012679
1237663542613377433,339.726195192413,-0.618036135701401
1237663542613377613,339.675899233217,-0.62999640653438
1237663542613312508,339.644606520515,-0.496665809511158
1237663542613377717,339.706422159951,-0.594703399963123
1237663542613377404,339.749385143457,-0.551966979878548
1237663542613377150,339.754960710192,-0.453620385617356
1237663543150313866,339.84174344211,-0.125910175353074
1237663478724691043,339.708364332744,-0.331310026050968
1237663478724756106,339.787345572085,-0.302220603738853
1237663543150247991,339.76622502637,-0.118653143933518
1237663478724690617,339.630152612414,-0.213178938149757
1237660024494817529,339.624617128645,-1.17100796154393
1237656906346136649,339.647754459583,-1.02677726451365
1237660024494752317,339.486724025556,-1.22706807073334
1237656906346201988,339.685175472746,-0.909557330817619
1237656906346135905,339.570734834417,-0.990410073022052
1237660025031754274,339.702343077903,-0.815076370599947
1237660025031754177,339.672156299584,-0.758109987891971
1237656906346136076,339.507265100281,-0.873084160489259
1237660025031689140,339.554658465619,-0.724896190339757
1237663542613312234,339.558251642232,-0.587123598722736
1237663542613246411,339.484655946785,-0.517368779521673
1237660025031622940,339.489161573064,-0.63344413454579
1237663542613246989,339.506254198038,-0.508330150586543
1237660025031754129,339.65431236898,-0.657992593498152
1237663542613312091,339.518428606747,-0.563107251170155
1237663478724625051,339.487524870916,-0.329109885664122
1237663542613312353,339.597143078929,-0.485591411743803
1237663543150379735,340.059493844055,-0.189204224797206
1237663478724559980,339.449449456848,-0.408253239087261
1237663478724624910,339.493432633375,-0.405213149815184
1237663478724690472,339.608587583202,-0.236540347224453
1237663478724625212,339.550478572236,-0.253260459556443
1237663478724625367,339.45161288064,-0.301488036259456
1237663543150117290,339.499133176578,-0.170060131638918
1237656906346071064,339.463622462036,-0.893308176779368
1237660024494752191,339.462165688753,-1.0653986798029
1237660024494686461,339.316148954039,-1.07527419566065
1237660024494752287,339.454579407546,-1.10101543856658
1237660024494752343,339.357698119119,-1.15668341061731
1237660024494752159,339.418687819738,-1.11220657631039
1237656906346005192,339.335724811253,-0.949249292029212
1237656906346070154,339.449209069977,-0.984985702457714
1237656906346005432,339.327835553979,-0.886180023634456
1237656906346070705,339.452257624893,-0.870323047947694
1237656906346070543,339.386670748731,-0.852361080245868
1237660025031688451,339.515750101475,-0.786476677335052
1237660025031557682,339.249772597317,-0.670017816832385
1237663542613246600,339.390053357388,-0.596380894639405
1237663542613180478,339.264146964871,-0.422900265297853
1237663542613246797,339.453186799161,-0.491367949697176
1237663478724493894,339.263835316144,-0.317451860319456
1237663542613246630,339.397283901341,-0.441787460241491
1237663542613181163,339.29715199404,-0.438135626864611
1237663478724559938,339.422991144157,-0.292762489840398
1237663542613181041,339.258254507006,-0.463585291749462
1237663478724494296,339.292150810039,-0.299156124837448
1237663478724494178,339.244840691919,-0.308525176738511
1237663478724494249,339.270973529823,-0.292713950372996
1237663543150052033,339.276889980781,-0.135037224062148
1237660024494621479,339.199196556044,-1.23549312411816
1237660024494686684,339.232383729338,-1.15401577697336
1237660024494687031,339.224953928326,-1.12865168808495
1237656906345939828,339.122141308321,-0.962005559713152
1237660024494621420,339.173164909857,-1.15069104317493
1237656906345939509,339.105105394557,-0.870885903779736
1237660024494620962,339.079243733694,-1.05923005102152
1237660025031492352,339.166153680333,-0.763216274371355
1237656906346005092,339.27564255226,-1.00189085832696
1237660025031492442,339.197215494719,-0.769780840476859
1237656906345939951,339.194293082058,-1.0032188519249
1237660025031492581,339.110059341115,-0.762545887334684
1237660025031492427,339.19345974471,-0.72134594739435
1237663542613050258,339.056946957246,-0.471850707387547
1237663542613050119,339.015185384914,-0.607354890224472
1237663542613050234,339.047798438611,-0.613182824375742
1237663542613180913,339.220209438842,-0.420285782793233
1237660025031491960,339.14607278161,-0.72641009369756
1237660025031426431,339.021789930617,-0.689111311978904
1237663478724494109,339.221489603426,-0.292642601566305
1237663542613050241,339.047715177101,-0.592527255391084
1237663478724493991,339.169648566489,-0.375444564232725
1237663478724428722,339.050575229743,-0.369404885629006
1237663478724494075,339.20686943094,-0.244063293563898
1237663478724494011,339.177436658918,-0.275309607940339
1237663543149920995,339.041897017337,-0.189279211962981
1237656906345873890,338.92014073621,-1.02101555247468
1237656906345743241,338.705838453517,-0.881829531882269
1237656906345808083,338.867271094087,-0.895480306199086
1237660024494555665,338.92359464074,-1.08491364785281
1237656906345874237,338.924615631119,-1.00409533446781
1237656906345874073,339.005438868225,-0.873548506976142
1237660024494621156,339.058089660933,-1.06705075562839
