objid,ra,dec
1237657071694512780,24.0176080899164,0.766772507045261
1237657071694512428,24.0177483974672,0.635342106286599
1237657072231252414,23.7453484988323,1.10670607682174
1237678617428230711,23.7458401279032,1.10813785395656
1237657069546897763,23.7468581203379,-0.952617397238235
1237663784744714924,23.9384669290545,0.480145592338191
1237663204924850683,24.4030104999719,0.839059700498498
1237663204924850685,24.4038408726717,0.840176682682754
1237657071157576146,23.842569225752,0.343215388494108
1237663784745108178,24.8017255936102,0.541466904357039
1237657069547095057,24.2138953178701,-0.877600605998112
1237657071694512668,23.9833462142284,0.647526051955176
1237663783134167848,23.9834600628319,-0.698767832829405
1237657071694512661,23.983995718533,0.782590669474115
1237657071694512669,23.9842854585063,0.648633438687156
1237663783134167849,23.9843567909546,-0.700030948886898
1237657071157641453,23.9857145763824,0.306384648349994
1237663784744845558,24.1218188272837,0.624824462451865
1237657071694709335,24.4896719165861,0.659526242254434
1237657071694709336,24.4899842954985,0.65797208103026
1237657071694774829,24.6231774820846,0.793533074763021
1237663783671300642,24.6266999820644,-0.28005902368938
1237663783671300641,24.6267046540311,-0.278399551984173
1237657071157838115,24.4123158685217,0.41265778299569
1237657071157838114,24.4130976191785,0.411323869544072
1237657069547028986,24.0052947944393,-1.00040544427292
1237657069547028987,24.0067482141979,-1.00023694821965
1237666407915979036,23.7615421259155,-0.144473752811423
1237666407379108158,23.7621657541701,-0.499614417821578
1237666407379108159,23.7637164210626,-0.499065200089282
1237657069546897760,23.7483994739124,-0.952872554577815
1237666407379043368,23.7501415530431,-0.46215187480471
1237666407379043367,23.7507005073436,-0.460856639119896
1237657071694512427,24.0192154333512,0.635863037655626
1237657071157642125,24.0215883919204,0.298740767876193
1237663784208302431,24.8501607562574,0.175627949757484
1237657071694905764,24.8946014049039,0.746318408388966
1237657071694905763,24.8958910088746,0.745714072846978
1237657069547422699,24.8972134697602,-0.934389308853009
1237663783671038958,23.9596807241222,-0.330752484549674
1237663783671038322,23.9598701179847,-0.32911236181807
1237663784744714818,23.8947222312674,0.515600637323152
1237663784744714817,23.895724335785,0.516601719786988
1237663783670972813,23.8104198268802,-0.416908163945153
1237663783670972814,23.8115423432616,-0.417756024231764
1237663783134232961,24.164961303261,-0.680530106034716
1237663784745108177,24.8030598480859,0.542099386386073
1237663782597690231,24.941077053751,-1.08316911598271
1237663782597690232,24.9424313730663,-1.08410818211213
1237657069547095056,24.2153985262686,-0.877251145945662
1237657071157707378,24.2184061920494,0.293657476178573
1237663783671234961,24.4209735265303,-0.295357872654417
1237663784208105881,24.4222417396235,0.168977952750582
1237663783671234962,24.4225443241766,-0.295214207251006
1237663784208105882,24.4226358455929,0.167461504183176
1237666407379305122,24.3087452591124,-0.596822696986325
1237666407379305124,24.3100096649122,-0.596105421322521
1237657069547028956,23.9900827661214,-1.02018866932637
1237678617428362102,24.1269999833673,1.15940874669575
1237657071157510690,23.7367171726456,0.345167764114079
1237657071157510691,23.7368730589363,0.346703655062892
1237666407916568990,25.1290222118034,-0.0151992047649767
1237666407916569363,25.1298749334553,-0.0195746940506028
1237657069547291687,24.6739276760167,-0.919387804945597
1237657069547291898,24.6743183158012,-0.920929213432371
1237663782597559037,24.6764841128244,-1.24386025765343
1237657069547291238,24.6317020992769,-0.996380382255788
1237657069547291239,24.632034237923,-0.997774470534454
1237663784207909365,23.9778767106682,0.198777355785265
1237666407916044729,23.9780202406908,-0.151495976333849
1237663784207909363,23.9781501105428,0.200263138258735
1237666407916044730,23.978470603258,-0.152927625870913
1237657071158296872,25.4542406219224,0.382191869879987
1237657069547422700,24.8986767563511,-0.934340390709398
1237663784207909653,24.0809020640105,0.164732373539487
1237663784207909654,24.082561472124,0.164833242341555
1237663784744976805,24.4245175788233,0.527552712335949
1237663784744976804,24.4246466974586,0.526084810427441
1237666407379567612,24.85381731799,-0.441626454750216
1237666407379567613,24.8539774724285,-0.443183147553229
1237678617428885857,25.270888202397,1.21135697828057
1237678617428885856,25.271287048303,1.20995962147037
1237663785282241260,25.370774297349,0.922404414006278
1237663785282241261,25.3711046260095,0.920813612058312
1237663782597755346,25.0359523661048,-1.09121455501076
1237663782597755345,25.0366540542764,-1.0898489482915
1237663783664025987,7.97832734875488,-0.375871469468973
1237663784200897114,7.97854660452205,0.175279813809318
1237663783664025986,7.97910784087685,-0.374560264055735
1237663784200897113,7.9792351627864,0.176617221874594
1237657069547225840,24.4314485321006,-0.988702006937475
1237657069547225841,24.431639770531,-0.987062404807546
1237663783134101879,23.8772879032557,-0.829057959583107
1237657071157642124,24.0228646369537,0.298170452809124
1237663785282044349,24.9028490228781,0.941552189911435
1237663785282044348,24.9040856652425,0.942480171083564
1237678617429017205,25.5947597036756,1.09149004968185
1237678617429017204,25.5959140655938,1.0925831596857
1237657071157707379,24.2197513594289,0.294488198791355
1237663784745173405,24.8557692292169,0.49670414735192
1237663784745173404,24.8560352341463,0.495228952465376
1237678617428427410,24.1280156063642,1.16062345825613
1237657071157707124,24.129700808961,0.282175647777688
1237657071157707123,24.1299375073481,0.283813161091261
1237663782597362068,24.1309144271851,-1.1509412937544
1237663782597362069,24.1314953260726,-1.15242915629723
1237666407379174090,24.0411509024825,-0.4876442774491
1237663782597559038,24.6773850707566,-1.24272900434807
1237663783671301408,24.6796917627444,-0.331629671322601
1237663783134429893,24.6801477285072,-0.641804720206314
1237657071694774978,24.6803808127186,0.73245654439074
1237663783671301409,24.6808282825748,-0.330680348834905
1237657069547028958,23.9914822280549,-1.0207917259454
1237657071157642092,23.9927778045377,0.239865348032394
1237657072231711088,24.7237748467904,1.06076170184876
1237666407916241662,24.4525957808505,-0.0658404623150624
1237666407916241661,24.453393006375,-0.0646977096953824
1237657069547619047,25.4091667274794,-0.96985763520018
1237666407379567190,24.861415159667,-0.572218801452819
1237666407379567189,24.8623322889761,-0.573288756717393
1237657069547684498,25.5044676434071,-0.864727185791997
1237657069547684497,25.5058752720825,-0.863905833667237
1237657071158035008,24.9072849316259,0.238132764571664
1237666407379567383,24.9088921570943,-0.569433687821642
1237666407379567382,24.9102329574491,-0.570287469396546
1237657071694906162,24.9108847244225,0.736656008685867
1237657071695233357,25.5998125505829,0.664000803984945
1237663785282372224,25.600412495408,0.942718825829505
1237657071695233358,25.6006635560848,0.665283517649956
1237657069547356660,24.7686300074419,-0.87067809987746
1237666407379370626,24.4998032647871,-0.528866346088981
1237666407379370625,24.4999593074556,-0.527474926157971
1237657071694709038,24.500950483981,0.686066662519643
1237657071694709037,24.5018249891568,0.684750138419665
1237663783671235759,24.5029211464046,-0.244352792096261
1237657071158297464,25.4559622212951,0.37547427891827
1237657071158297463,25.4564448667476,0.376843755731023
1237663783134823232,25.4581576213325,-0.830201059987331
1237663782597952036,25.4585961276704,-1.12070928105547
1237663782597952035,25.4590169941175,-1.11936105878431
1237666407379239652,24.1340371772598,-0.444495870633363
1237663782597689875,24.9482171336384,-1.17958027543098
1237663782597689876,24.9486654655068,-1.18105771102099
1237657071694644252,24.2705652043914,0.828471226317104
1237657071694643996,24.270842366463,0.830013520288754
1237657069547814963,25.7820796947447,-1.03017394291423
1237657069547814956,25.7821576575827,-1.03156360724173
1237663783134692045,25.278350540407,-0.701940713668417
1237663783134692043,25.2797664190295,-0.701090546944312
1237663783134494884,24.8140503288049,-0.77099677141598
1237663783134494882,24.8146976230724,-0.772412367600065
1237657069547619397,25.413627433477,-0.9300647182285
1237657069547619395,25.4140593823997,-0.928729266763929
1237663783134560512,24.8626576229467,-0.746842737670359
1237663783134560513,24.8641452779873,-0.74732876410596
1237666407379567212,24.8657188136461,-0.520608302726147
1237666407379567213,24.8665203741652,-0.519394840174668
1237657069547356342,24.7702241815221,-1.03128676801565
1237657069547356343,24.7709163816044,-1.0299555897897
1237663784745370412,25.3246303784911,0.456758476176715
1237663784745369975,25.3262735999127,0.456739356274741
1237663785282372223,25.601741162076,0.942005207134405
1237663783134101880,23.8787827919478,-0.828373983455946
1237678617428885762,25.1796998237276,1.14314600466162
1237678617428886195,25.180839425603,1.15694934234192
1237678617428885758,25.1811673920424,1.14287117384311
1237678617428886196,25.1821274291495,1.15592880768342
1237666407916831114,25.7435640291963,-0.0615744932424995
1237657071694840174,24.7244363440043,0.632391939783888
1237657072231711087,24.7247728549804,1.05963642960477
1237657071694840173,24.7258510316801,0.633123903094284
1237663784744845994,24.2265465269068,0.565885877634751
1237657071694774977,24.6814499155113,0.733529665072439
1237663783134429894,24.6814531638677,-0.641001374692446
1237663783671301407,24.6818141892483,-0.329497441113808
1237657071157904068,24.683379698052,0.372918937659197
1237657071157904066,24.6849911600211,0.372855498180055
1237663783134823233,25.4595103563061,-0.829569810264778
1237678617428427387,24.2752804000547,1.16705106925727
1237678617428427386,24.2759216751867,1.16566801014857
1237657071157706877,24.1392661076015,0.236146779432909
1237657071157706876,24.1404851957429,0.235410853940479
1237663783671235760,24.5033587227375,-0.242818460764518
1237657072231580203,24.5034424401325,1.08050722116327
1237657072231580204,24.503665014396,1.07901543438358
1237666407916831113,25.7447015522504,-0.0606463157960995
1237666407379960289,25.7473207922708,-0.559812977876657
1237666407916176411,24.3219027880461,-0.12015956302726
1237666407916176412,24.3233730170089,-0.119581452109013
1237663783134560575,24.8718740568919,-0.82006400283058
1237663783134560760,24.8722339277715,-0.681892396650559
1237663783134560574,24.8734492345401,-0.819954387301697
1237663783134560761,24.8735910251748,-0.682727035314569
1237666407379174089,24.042248407651,-0.486650421395376
1237666407379436564,24.6413541542482,-0.485171020177967
1237666407379436565,24.6428771904515,-0.48497767993609
1237663784208171613,24.6439382574137,0.168114010956526
1237657071694906163,24.9113129379427,0.738109475343525
1237666407379567695,24.9115964519732,-0.437245490802941
1237666407379567696,24.9128019175132,-0.438171117829262
1237657072231776605,24.8751226580926,1.08233774595077
1237657072231777159,24.8753922843864,1.08391613423858
1237666407379567273,24.8771866965765,-0.520312860297256
1237663783671431890,24.9526011970526,-0.367937598697172
1237657069547357355,24.8161172398685,-0.909456096219044
1237657069547357357,24.8177389763881,-0.909426755291915
1237657071694578570,24.1441021339251,0.748113208686069
1237663783671562530,25.232800909998,-0.3769802573956
1237663783671562531,25.2328749318306,-0.37836831520101
1237666407379960288,25.7486225227268,-0.55914705676486
1237657071157904377,24.5521989987175,0.26488097821154
1237657071157903694,24.5530903367605,0.263596408480704
1237663784745042514,24.6480160057603,0.445520925288351
1237666407379567272,24.8785086305353,-0.519710414275295
1237657069547487701,25.0492757171734,-0.842491561924541
1237657069547487702,25.0496371277345,-0.843958932908775
1237663784208434027,25.1843086652896,0.068577066835358
1237663784208434026,25.1853739974998,0.0697918238666056
1237657069547552846,25.1860043971095,-0.862170086595335
1237657069547552845,25.1861791782243,-0.863574973337212
1237663783671366751,24.7749324527211,-0.361077100912043
1237663782597624179,24.7750467464349,-1.0749698465334
1237663783671366748,24.7764639329258,-0.361054921116034
1237663782597624180,24.7765174921253,-1.0751290442891
1237663784744845995,24.2279650142053,0.56511165738836
1237666407916175738,24.2286734130251,-0.0925174311147853
1237666407916175739,24.22988132073,-0.0916897654605297
1237657069547094088,24.2318665744656,-0.853929408046444
1237663784208630646,25.612260107042,0.141178591398703
1237663784208630647,25.613017889815,0.139962073759742
1237657069547356822,24.8222151158485,-0.994228609874739
1237657069547356823,24.8236703415045,-0.994062925478427
1237666407379567064,24.8237038858601,-0.455044784245535
1237666407379567065,24.8238869664929,-0.456516752389028
1237663784208695620,25.7530959958416,0.0014328440069672
1237663784208695619,25.7532666180442,-0.000113969559271644
1237657072231776646,24.8893479635441,1.0867980059236
1237657072231776647,24.890324930462,1.08554003212508
1237663784745435739,25.5565760215983,0.438635858370198
1237657069547553372,25.2382924964793,-0.856934066350398
1237663783671431891,24.953905761403,-0.368867640869457
1237657071695167687,25.4671351514247,0.778982084022866
1237663782597755386,25.0530914521709,-1.05117451224092
1237663782597755382,25.0533398745966,-1.04979800060476
1237663782597755384,25.0547575484164,-1.05009230455584
1237657069547815480,25.8309177368991,-0.960911086134507
1237657071158428156,25.8319832598718,0.384114505453492
1237657071158428155,25.8324410937058,0.382731424676804
1237657069547291436,24.6895663456176,-1.0168189684056
1237657071694774632,24.6898345073122,0.655757590146136
1237657069547291438,24.6898369473604,-1.01518448736766
1237657069547749872,25.6520390354978,-0.896438492627122
1237657069547749873,25.6534583532513,-0.896136011696042
1237657071158100272,25.0059971032636,0.288582927296191
1237657071694578571,24.1456082411877,0.747633949202228
1237666407379829192,25.4232764744027,-0.486787861358574
1237666407379829191,25.423306928855,-0.485213347046115
1237663783671300560,24.6012045322291,-0.260384258079353
1237663783671300559,24.6026503360362,-0.260856597891129
1237663784745042515,24.6482702660879,0.443968284068747
1237663782597558739,24.6932871763037,-1.15211045394158
1237663782597558738,24.6947663854505,-1.15158065182091
1237663784208040922,24.3314359568267,0.161746603712815
1237663784208040921,24.3322229896676,0.160376417231832
1237657069547028594,24.051263723428,-0.848127680948257
1237657069547028622,24.0528940799192,-0.848213312818548
1237663783671628418,25.3930001776657,-0.370645800696537
1237663783671628417,25.3940305551271,-0.371719708366238
1237663783671628428,25.3950803078591,-0.374230524898591
1237663783671628427,25.3965658666358,-0.373829768847842
1237657069547553371,25.2390018273384,-0.855490072383887
1237663783671562846,25.2427648144809,-0.409106982920304
1237663783671366749,24.7778827059424,-0.360266962092509
1237657069547225944,24.512157602672,-0.963864475939646
1237657069547225945,24.5136484968399,-0.963163524729522
1237666407916176355,24.282725237667,-0.158656856508114
1237666407916176357,24.2838192316668,-0.159671674836237
1237657071694644167,24.2843815296623,0.63601166947704
1237657071157772660,24.2846238390641,0.362178789437543
1237657071694644013,24.2859797669107,0.63636890619139
1237657071157773160,24.2860559485151,0.362628986748959
1237657071158100273,25.0072918447449,0.287865540835841
1237666407379828856,25.5141963627465,-0.477010184205389
1237666407379828852,25.5157700453894,-0.47685313436469
1237657071694971335,25.0580533745165,0.728881968712074
1237657071694971336,25.0584550752161,0.727330853696054
1237666407916634778,25.3998352344655,-0.0287774984710572
1237666407916700037,25.4002343886169,-0.030149949545956
1237663783671693707,25.4758198378204,-0.39733607000795
1237663784745435740,25.5570780227773,0.440085101927496
1237663782597624196,24.7825475911236,-1.22822830471434
1237663782597624195,24.7830805500583,-1.2266729595911
1237678617429016800,25.519693825118,1.08887283097494
1237678617429016803,25.5210663022378,1.08835343428321
1237666407916765629,25.6232461950869,-0.0376913041118484
1237666407916765630,25.6239536314886,-0.0364454700772386
1237657069547159962,24.2868708365729,-0.948257402674545
1237657069547159961,24.2882065639612,-0.949227237025958
1237663784745566916,25.7620729615446,0.51268946478606
1237663784745566915,25.7627855464139,0.514005119762414
1237663783671103933,24.1521870428388,-0.289461061079882
1237663783671103932,24.1524064655334,-0.291109004222752
1237663782597755152,25.0611586147569,-1.0670410107447
1237663782597755151,25.0625938022782,-1.06639784537428
1237657071695233888,25.6566793077675,0.664463538524654
1237657071695233893,25.65826168874,0.664474711825099
1237657069547749675,25.6584243465678,-1.03799203246717
1237663783671759672,25.7075926291828,-0.311082085423849
1237663784745501551,25.7081201368611,0.505197326198777
1237663784745501550,25.7085195166341,0.506592839356925
1237663783671759671,25.7089128394511,-0.311648489605633
1237663783134430259,24.5611111668166,-0.690887313459957
1237663783134429999,24.5615066751005,-0.692372210259047
1237663782597558782,24.5625750996696,-1.12900274056117
1237663783671562847,25.2436983164765,-0.410409769839581
1237657071695036659,25.2446586448322,0.833454813546632
1237657071695036660,25.2461079068588,0.833336715701561
1237657071695299408,25.8872989536384,0.737375116055902
1237657071695299407,25.887918181835,0.738904802907867
1237663783671103831,24.1105510475126,-0.251980885548058
1237663783671103832,24.1107832338999,-0.250351918649501
1237666407379894596,25.5618169869092,-0.554780000694322
1237666407379894599,25.56187958945,-0.548854663865675
1237666407379894595,25.5627671538747,-0.55349196177497
1237666407379894600,25.5629859939384,-0.549699041272395
1237663784745435209,25.4760094384251,0.621077063114729
1237663783671693705,25.4763639526959,-0.395840866452112
1237663784745435217,25.4772183868765,0.621896217492314
1237666407916700567,25.4792697373515,-0.116525901582199
1237657072231777203,24.9654198542826,1.05845731442023
1237657072231777082,24.965499927381,1.05680447506762
1237657069547749683,25.6595177196901,-1.0391969713808
1237663783134560926,24.9262516232028,-0.740923052147518
1237663783134560925,24.9269622377953,-0.742241272821022
1237666407379567719,24.927748140884,-0.509424567334213
1237657071695036826,25.1984309973874,0.634244755378973
1237657071695036827,25.199481150222,0.633075276410233
1237657069547618480,25.2993222086429,-0.879695420955716
1237657069547618481,25.2996967439694,-0.881070505586286
1237663784744977022,24.517781247999,0.430749694591131
1237663784744977021,24.5184235388897,0.432128387997006
1237666407916306744,24.5192644286132,-0.117523278414442
1237663783671300869,24.6974437583533,-0.359192169082279
1237663783671300870,24.6979282532047,-0.357603293914744
1237666407916700173,25.4356888769795,-0.0614800238535536
1237666407916175975,24.2919238289176,-0.0866161942318131
1237666407916175973,24.2928108914314,-0.0879585413227494
1237657071694643486,24.2931230675298,0.73154828816998
1237657071695037330,25.2496539019055,0.721705699779244
1237657071695037333,25.2504655023223,0.720421347543859
1237663783671300719,24.6570200053307,-0.402153066471577
1237663783671300718,24.657291224886,-0.400746128040621
1237663782597558673,24.6587855760904,-1.22704206091307
1237663782597689823,24.9288435354561,-1.22745022414554
1237666407379567720,24.9290904418139,-0.508858437792976
1237663782597689824,24.9291997076633,-1.22590155675589
1237678617429148654,25.8930480204598,1.16604794904595
1237678617429148655,25.8942154476142,1.16515606995071
1237663783671366667,24.7504165456339,-0.225530819918334
1237663783671366668,24.7505887219808,-0.226983558438462
1237663782597558783,24.5638130527014,-1.12817393285681
1237663784207974965,24.1550367602464,0.163238071990931
1237663784207974966,24.1552227584485,0.164767040512015
1237663784745370029,25.345220420343,0.602580886813848
1237663784745370030,25.3466932485243,0.60225284880996
1237663784745370033,25.3470863665445,0.599082210852072
1237663784745370034,25.3483493358015,0.598181361059796
1237666407379632404,25.0656075095853,-0.446096678520065
1237666407379632405,25.0666519507261,-0.445101270926922
1237657071157837976,24.522161439055,0.369005291104716
1237657071157837975,24.5228141908979,0.367634325475965
1237657069547619384,25.4075517743899,-0.969840200119237
1237663783134823091,25.5659557857678,-0.696060476503997
1237663783134823090,25.5675203615232,-0.695998625816171
1237678617429017167,25.5679706789298,1.17549380133875
1237678617429017166,25.56802809313,1.17688419988136
1237666407379370219,24.3789316193682,-0.61091541794127
1237666407379370221,24.3795084838719,-0.612352736761969
1237657071694774715,24.5684867257083,0.713733215854023
1237657071694774716,24.5695504371415,0.712803037559548
1237663784208171235,24.5698330516058,0.0518112078124149
1237663783134429565,24.5705407652629,-0.730615098944345
1237663784208171236,24.5712906274102,0.0515413494501749
1237663783134429564,24.5720715182368,-0.730559616819934
1237663784208761723,25.9030742683646,0.19385989895664
1237663784208761722,25.9034026634014,0.195330999148232
1237657071158166200,25.253919866776,0.250898361266175
1237657071158166198,25.2552238920229,0.25024963384695
1237666407916700566,25.480038284669,-0.115261047471927
1237666407379239790,24.1845817233749,-0.477008119832908
1237663784745042536,24.6595523587571,0.44779500927365
1237663782597558674,24.6596263681888,-1.22581425705631
1237663783671301130,24.6599179469518,-0.296945879282559
1237663784745042538,24.6608847706954,0.447269688509964
1237663783134495268,24.7534986032748,-0.77185983757871
1237663782597624157,24.7540689319605,-1.07414260309997
1237663783134495267,24.7548623364142,-0.771501069859895
1237663782597624156,24.7550335574857,-1.07312058914803
1237666407916700172,25.4372300875016,-0.062105627983466
1237666407380025845,25.9039174514098,-0.59614979724511
1237666407380025844,25.9048975676519,-0.594889963191755
1237657071158100666,25.1178847120137,0.299393826459916
1237663783135019774,26.0216300374786,-0.717181726454742
1237663783135019773,26.0219242604131,-0.715821128763009
1237663783671824489,25.8133717870779,-0.280918323620906
1237657069547356500,24.7005798705223,-0.871983859160229
1237657069547356505,24.7014032119899,-0.873249944841724
1237657072231907970,25.1628269615095,1.08582917359247
1237678617428820874,25.1640497481878,1.19267633722466
1237657072231907971,25.1640803057278,1.08651961661709
1237678617428820875,25.1643769749421,1.19132283852507
1237663783671628670,25.3487121285748,-0.318447997042489
1237663783671628671,25.3499476800205,-0.31912189047935
1237663784745370053,25.3509083867212,0.597262242367879
1237663784745370054,25.3525169477232,0.597404418629245
1237657071695364534,25.908540996754,0.786778459695279
1237657071695364535,25.9097748943155,0.785930461840658
1237663783671890091,25.9123460160947,-0.228227714741473
1237663784208237032,24.7898550499993,0.0891270498108559
1237663784208237033,24.7913084796596,0.0890362610028749
1237663783671169842,24.382536249827,-0.214699894492609
1237663783671169841,24.3838827645298,-0.215102232445194
1237657071695495608,26.2067103410574,0.800872189032827
1237666407380025391,25.8509013809837,-0.580241694001112
1237666407380025362,25.8522010381644,-0.579285246818152
1237657071158559676,26.1586683505776,0.295477958711444
1237657071158559677,26.1597528971527,0.294346195875329
1237657071695429791,26.1609902908211,0.688388474777324
1237663783671890090,25.9135778790955,-0.227436234526482
1237657069547880849,25.9139849547787,-0.949599470569865
1237657069547880850,25.9143724317,-0.951105749845477
1237663783134757205,25.30674364664,-0.759459403501765
1237663783134757206,25.3070121007721,-0.76104489130692
1237657071158624430,26.3007058343383,0.356285674359115
1237663784208040249,24.2524907994962,0.0543198773204842
1237663782598148612,25.9360786523593,-1.15808610772139
1237663783134953575,25.7747954302593,-0.78370668752245
1237663783134953573,25.7763498819229,-0.783389574220534
1237663782597952353,25.5721013609237,-1.1787216937261
1237657071695560923,26.3457222381137,0.640642938498649
1237657071695560924,26.3468634528241,0.639472801564551
1237663783671824488,25.8140027992947,-0.279521735144434
1237657069547815442,25.8144097152614,-0.868961971591364
1237657069547815443,25.8159579244691,-0.869538489204552
1237663782598148323,25.9723945862476,-1.09255720761505
1237663783135019635,25.9745020272048,-0.829257039947404
1237663783135019636,25.9755731042884,-0.830203535691963
1237657071158493577,25.9176555304996,0.408135037764069
1237657071158493576,25.9190208653657,0.407463556318768
1237663782598148120,25.9194062671032,-1.08961021339167
1237663782598148119,25.9206192189688,-1.09059596094147
1237663783671628314,25.3565535141841,-0.262666586978173
1237663783672087005,26.393256828968,-0.241916697778582
1237663784745829215,26.3938145505095,0.506761083125221
1237663783672087004,26.3945826909121,-0.242416184936685
1237663784745829216,26.3951795253458,0.505914317591881
1237663784745501667,25.7190464343178,0.475270073759818
1237663784745501311,25.7204060405935,0.476132520630759
1237663783671759051,25.7208919586087,-0.337902302688401
1237657071157969719,24.8397627655144,0.270306872433952
1237663783671890551,26.0306818287437,-0.354196603642453
1237663783671890548,26.0319642367513,-0.353164194003809
1237657071158100667,25.1190066077724,0.298349410954501
1237663782597689926,24.9729290717759,-1.21156295332335
1237663782597690489,24.9742952453945,-1.09657441789216
1237663782597689927,24.9744633333215,-1.21211484091331
1237663784745436108,25.5319732014437,0.497626721170263
1237663784745435955,25.5325886065224,0.496128536297919
1237666407379502056,24.7945956825474,-0.490813316869105
1237666407379502057,24.7948234190001,-0.492390614708553
1237657069547488087,25.0767957529021,-0.86450881592922
1237657069547488086,25.0775969737648,-0.865696355554085
1237657071695102237,25.309393476332,0.819112981040902
1237657071695102238,25.3106007515809,0.820251705256442
1237663784745698239,26.1614845700939,0.425208415157114
1237657071695429789,26.1624431887909,0.687940800257377
1237663784745698381,26.1630825909665,0.425477101441973
1237663783671956190,26.1643265072801,-0.248979997370333
1237657071158624433,26.3019433815584,0.356990123325889
1237663782598280154,26.3039378490127,-1.05519403411907
1237663782598148613,25.9371447180813,-1.15703403623983
1237663783135216616,26.4963955441978,-0.750052911678055
1237663783135216615,26.4970921502279,-0.751451917505115
1237663783671628315,25.3576797376446,-0.261518575532703
1237663784745369669,25.357890034715,0.583030654449639
1237663784745369658,25.3592746990895,0.582651349528377
1237663782597624114,24.7095951543961,-1.14249690775704
1237663782597624115,24.7101013116459,-1.14108546870468
1237666407916897003,25.9216346355793,-0.0294467442788596
1237666407916897004,25.922348126975,-0.0280443264946268
1237663782597952354,25.5729424983868,-1.17741938789436
1237663783671562448,25.20945794176,-0.234261993873923
1237663783671562449,25.209593824521,-0.232612585932142
1237663784208434063,25.2115176320968,0.139801668804545
1237663784208434062,25.2126095874817,0.140838464547392
1237666407379239791,24.1861333406486,-0.477130162821076
1237666407916110684,24.1885604605964,-0.0491099672577072
1237657071695561255,26.3983831895156,0.821985829938832
1237657071695561256,26.3990720318955,0.820717043815899
1237657071695233995,25.7220881149301,0.789920610665917
1237663783671759050,25.7224080923742,-0.338553971473929
1237657071695233994,25.7236170756343,0.790154602050581
1237663783134889015,25.7248322419454,-0.803740501875919
1237663783134889014,25.7252186682656,-0.802207174720332
1237657071158494166,26.0328325664776,0.31697774523595
1237657071158494167,26.0335129300329,0.315698785096814
1237663784745370583,25.4442412241562,0.475952991325438
1237663784745370582,25.4455204620197,0.475393194823006
1237663782597689933,24.9758405562054,-1.09672701167311
1237657071158100686,25.1248976953898,0.280403914067828
1237657071158756004,26.5852387992509,0.400737501154144
1237657071158756005,26.5861176074943,0.401945593251855
1237657071158756010,26.5876015641209,0.242171847050752
1237657071158756011,26.5881825139864,0.240779876065912
1237657071157969717,24.8409347691139,0.271447200694416
1237657071157969730,24.8420321518884,0.334750999269801
1237657071157969727,24.8433736713927,0.334233651200045
1237657071157969729,24.8438606406671,0.332734628400276
1237663783671824984,25.8589897036676,-0.251355065504684
1237663783671824983,25.8596282997147,-0.24985507755336
1237657071695299130,25.861146943813,0.834202790662127
1237663783671956192,26.1656444694676,-0.249508519178293
1237657071695496305,26.2602562780688,0.754951793258116
1237657071695496304,26.2607113702057,0.753638461705832
1237657069547946676,26.1224770569622,-1.00653258623905
1237657069547946677,26.1237826008668,-1.00550227879598
1237663784745894792,26.6339731608586,0.472842201663656
1237666407379828865,25.4937574503593,-0.472308327178079
1237666407379829672,25.4938616867884,-0.473927566905863
1237666407379828855,25.4949890348423,-0.471456258338737
1237657069548143039,26.4992058910096,-1.02045538121818
1237663783135281531,26.5000648367458,-0.769120785931799
1237657071695496348,26.309184313741,0.834285196385672
1237657069547815226,25.8244787816775,-1.0189524538829
1237657069548077824,26.402436597878,-0.886951155508752
1237657069548077823,26.4039932138923,-0.886607836623983
1237663782597624113,24.7114630486846,-1.14076026300463
1237657071158886657,26.8706254104775,0.222979102961649
1237657071158886655,26.8719546767292,0.222224135171455
1237657071695626825,26.5921362549817,0.802170095369276
1237666407380287751,26.5927434521951,-0.585583665608884
1237666407380287756,26.5929676466497,-0.58414516974412
1237663783135281464,26.5934343936477,-0.695827280354551
1237657071695626824,26.5935155427351,0.802915564520287
1237666407916110683,24.1899363789279,-0.0494162618466154
1237663783664025797,7.98480242948211,-0.398613079620009
1237663783672217836,26.6801569870677,-0.363736919770822
1237657071158821061,26.6807804180468,0.228217244515687
1237657071158821104,26.6810958059115,0.229594860501193
1237663785282830602,26.681237351197,0.850178215645484
1237663785282830603,26.6827495369652,0.850336161857834
1237663784208958270,26.4500345364215,0.162824557896138
1237663784208958271,26.4505615356285,0.161262791304208
1237666407916699748,25.4486031582326,-0.167558023905242
1237663782597952005,25.4497260882331,-1.07448385057171
1237666407916699725,25.4501162516236,-0.167132378976895
1237663782597952004,25.4503170904381,-1.07313667805149
1237663782597952007,25.4511924006947,-1.07191876420363
1237663783672349349,27.0096968171166,-0.298061380135585
1237657069547750031,25.7280302754463,-0.87745765411987
1237657069547750032,25.728401285324,-0.876116173768412
1237663784745173665,24.9814769106131,0.430177750450767
1237663784745173666,24.9821469532144,0.431637329490975
1237663784208302741,24.982253091146,0.0832829172060045
1237663784208302740,24.9830932996008,0.0845232379218839
1237663783135282036,26.5375296116908,-0.658570262264274
1237663783135282041,26.53915473942,-0.658287523505052
1237666407380288030,26.5408511394871,-0.616326511783979
1237657071695888709,27.0982566111078,0.794857552340816
1237657071695888708,27.0986666925616,0.796266631864947
1237666407917420703,27.0547685061049,-0.196415807213585
1237663784208433834,25.268036254229,0.198016786664118
1237657071695299131,25.862588187258,0.834375750936646
1237657069547815529,25.8626642498016,-0.912901607973621
1237657069547815528,25.8634227780211,-0.911425703641624
1237666407917355851,26.9155398734496,-0.0788512219687448
1237666407917355852,26.9168568401273,-0.0797932133587984
1237657071695758278,26.9171488075899,0.770338765803725
1237657071695496349,26.310551424276,0.834975326405635
1237657071695496058,26.3119492352503,0.770727220640342
1237657071695496059,26.3131501908256,0.769773164475434
1237663784745697943,26.1722836217892,0.441497584504951
1237663784745697944,26.1736802009427,0.441221181192109
1237663784745894793,26.6352863856881,0.473595815673455
1237657069548143264,26.6385660785123,-0.855919134236185
1237663784746025428,26.8263581638625,0.453696287339942
1237663784746025429,26.8278341548385,0.454049623133888
1237663784208433833,25.2690433753099,0.196952204306839
1237663783671890430,25.9913608229722,-0.34831653817346
1237663783671890431,25.9921927789619,-0.346803128360202
1237663783135281532,26.5012766854203,-0.770124450841105
1237666407917420705,27.0563002378925,-0.196159292416104
1237666407917420847,27.0585869276103,-0.178355617585139
1237663783672349935,27.0592870150891,-0.370552060711458
1237666407917420845,27.0593117458695,-0.179843131812361
1237663783135281463,26.5948367596182,-0.694966172375014
1237666407380484713,26.9655076291141,-0.589204982006519
1237666407380484714,26.9660180867253,-0.590790446615132
1237657071695496057,26.314119097244,0.770996217235497
1237663785282372053,25.6835593442055,0.968918894931174
1237663785282372052,25.6848273416322,0.969636903019419
1237663783135216218,26.4549496075073,-0.693956607614713
1237663783135216219,26.455628130951,-0.695339064356684
1237663783671694082,25.4524915724421,-0.276243101208611
1237657071158296871,25.4532325403967,0.380884488065421
1237663785282240956,25.3671721405607,0.878835092475107
1237663785282240957,25.3680405889688,0.877608823748684
1237657069548470938,27.3811185423125,-0.946638617587283
1237657069548470937,27.3816451733064,-0.948104998755872
1237666407380288031,26.5415973384837,-0.617581885475143
1237657071158755830,26.5445262043279,0.309824683627157
1237666407380288329,26.5446781056242,-0.528638820321893
1237666407380288328,26.5447123505522,-0.530065445015589
1237663783672349350,27.0110016541944,-0.298939070338834
1237663783671890432,25.9928760391831,-0.348299899045554
1237663783671890438,25.993411787239,-0.339453495869376
1237663783671890439,25.9937786146077,-0.337988186458961
1237663782598148455,25.9957070745206,-1.17450743203696
1237663784208892308,26.2241480001727,0.0852221426977192
1237663784208892306,26.2241890086014,0.0866690517872398
1237663784208892307,26.2255584781357,0.0853322606100123
1237663783135019374,26.0480368272785,-0.806413466337325
1237663783135019375,26.0480594832515,-0.807877535264447
1237663784208761094,26.0488709465426,0.128155448607033
1237657071159083665,27.3847137899896,0.213928718795838
1237657071159083666,27.3849091752456,0.212399158886945
1237657071159083401,27.2888660058454,0.258458934292538
1237657071159083399,27.2890375020896,0.260035051852004
1237663783135347050,26.6891933611468,-0.687969153847405
1237663782598344930,26.3632846600634,-1.19131572197891
1237663784745828824,26.3634314378328,0.51779584287075
1237663784208958494,26.3634619505647,0.119204109669021
1237663784745828823,26.3634653921419,0.519245729669984
1237663784208958754,26.3634935733969,0.117637514643174
1237663782598344929,26.3647425784378,-1.19178315135789
1237663783135347566,26.7849399861823,-0.7643914263839
1237663784209023350,26.6068957126132,0.139995647997401
1237663784209416826,27.472228794244,-0.000372401382975601
1237663784209416825,27.4736455148723,3.13037489944228E-05
1237657069548274192,26.9198636997049,-0.936357000755001
1237657069548274191,26.9212465741455,-0.936888814896773
1237663782598803720,27.4294412929646,-1.12705734051021
1237663783672350151,27.0624507938709,-0.371017719976325
1237663783672350152,27.0638241563304,-0.371368717582386
1237657069548143265,26.6400543088376,-0.856197626648292
1237666407380353066,26.6419368241418,-0.608462860649981
1237657071158756431,26.6425239988307,0.213449106057689
1237666407380353077,26.6426573648138,-0.609808609633423
1237663784746025445,26.8337325094681,0.457639331793721
1237663784746025446,26.8342040184516,0.459155512548572
1237663784209154554,26.8344168445819,0.176026308688406
1237663784209154553,26.835505264596,0.17495973965985
1237657071695495859,26.2687114884105,0.746759440845977
1237657071695495858,26.2693360112936,0.748117203409068
1237663784745894261,26.5110362739049,0.418966087548037
1237663784745894260,26.5118315465476,0.420124827214231
1237678617429475741,26.5457217301679,1.24061172173516
1237657071158755831,26.5460296818116,0.309994956056603
1237657071158755835,26.5467887540867,0.31323673752826
1237678617429475740,26.5470954278977,1.24029325849383
1237657071158755834,26.5481034124707,0.312735639392263
1237663783135281654,26.5486211714222,-0.726246674786288
1237663783135281653,26.5487098716854,-0.72469755766865
1237666407916962446,26.1294541859358,-0.0541959100353965
1237666407916962447,26.1302707944823,-0.0553671363904159
1237663784209023352,26.6082285380702,0.140540480939298
1237663784745894501,26.6111869728547,0.472912742220699
1237663784208761095,26.0493874075381,0.12672926506396
1237657071695430430,26.0501603848496,0.805939887922736
1237657071695430431,26.0502980530936,0.804344470099231
1237657069547815556,25.8716926645216,-0.913423760306734
1237657069547815555,25.8731295848105,-0.913353275366498
1237663784745960242,26.6949744178957,0.525105443863472
1237663784209351447,27.3344995676678,0.195986886868595
1237663784209351448,27.3357859152411,0.196699774127599
1237663782598148456,25.996911272604,-1.17346944187256
1237678617429869092,27.4299308830743,1.15546753351613
1237678617429869091,27.4308543884645,1.15423495062198
1237663782598803719,27.4309685687459,-1.12658936351584
1237663784209416686,27.4310652835021,0.106126696307184
1237663784209416685,27.4324984490493,0.105324728555014
1237657071158755680,26.5153756167791,0.258108351061074
1237657071695626625,26.5161908650292,0.650462771040709
1237657071158755712,26.5172863486895,0.316944436275793
1237657071695626624,26.517723952287,0.650214537685912
1237657071158756432,26.6440818254976,0.213225361447107
1237663783135609975,27.2930176173293,-0.805907385403327
1237663783135609177,27.3893743262612,-0.661086343945246
1237657071158952216,26.9752792372545,0.379542854178651
1237657071158952217,26.9767655869781,0.379315867686104
1237666407380484751,26.9781993139171,-0.510543276677635
1237657071158559651,26.133111471738,0.211231102000042
1237657071158559649,26.1343595866872,0.21198540133374
1237663785282568738,26.135527698913,1.01821600464844
1237657071159018097,27.2009967160611,0.372711252289935
1237657071159018341,27.2025733554894,0.372395127893837
1237663783135675165,27.5223660861428,-0.661123929851629
1237663783135347962,26.7861194780001,-0.765323188311864
1237663784745960143,26.7886256857944,0.61325398344819
1237663782598541620,26.8849718673252,-1.1469962612233
1237663782598541621,26.8857447640129,-1.14570051604001
1237663784746222185,27.3364876953382,0.499659807997322
1237663784746222186,27.3366255890111,0.501123601945765
1237666407917289583,26.8393598195851,-0.132186357340651
1237666407380419155,26.8393888193827,-0.515929558391903
1237666407917289582,26.840884911982,-0.131761681107046
1237666407380419154,26.8409012153192,-0.515757145833937
1237663784746090802,27.0692268880176,0.5782917299918
1237663784746090804,27.0707587194794,0.578239559419812
1237663782598149184,25.9589441440433,-1.10099611719545
1237663782598149185,25.9591859555587,-1.10244269125908
1237666407917421042,27.1107844608435,-0.082821937667818
1237666407917421043,27.111139963425,-0.0841735714945732
1237657069548143375,26.5518152515143,-0.897182821818341
1237657069548143578,26.5534359630598,-0.89753610206967
1237666407380353805,26.7443416706618,-0.602484380656938
1237663783135347705,26.6958002590985,-0.814892536865628
1237663784745960241,26.6963786348875,0.525037614478826
1237663783135347707,26.6971075948474,-0.814025717756908
1237678617429672134,26.9785630348602,1.21406382598117
1237678617429672133,26.9788510682367,1.21553372841247
1237666407380484752,26.9788973099098,-0.512049136482819
1237666407380484753,26.9800000773116,-0.511129856696172
1237663783135477884,26.9819447609598,-0.802607310259408
1237666407380353572,26.6479949014838,-0.572098526481585
1237666407380353573,26.6480701776659,-0.573490073824607
1237657071158821241,26.6504150062279,0.244579234134051
1237663784745960142,26.7895783201655,0.614470811495181
1237663785282568739,26.1370556052491,1.01832915034595
1237657071158755710,26.5186801803077,0.317703781778553
1237663784209023503,26.5207504179473,0.12222712083303
1237663782598410731,26.5210646491253,-1.22452655535651
1237663783135609976,27.2945569611895,-0.806279484537714
1237663784745829059,26.4701661220906,0.443517663788085
1237663784745829058,26.4707021823275,0.445016418243326
1237663783135675167,27.5230294445202,-0.662549261617384
1237666407917617641,27.5243811677269,-0.188921916584091
1237663784746288050,27.5253345887813,0.573570042852881
1237666407917617642,27.5258053377953,-0.189301761530581
1237678617429869297,27.5261728374766,1.12852046722688
1237663783135609179,27.3904941964495,-0.659941996216676
1237663783135412545,26.928962370211,-0.795197329890917
1237663783135412544,26.9293086319846,-0.79666506143091
1237678617429213991,26.0055941729268,1.18481690886496
1237678617429213992,26.00687208439,1.18424172174639
1237657071158493797,26.0089307001653,0.374202289264729
1237663784746156521,27.162578054144,0.574124949523016
1237663784746156522,27.1639436027504,0.573512631005904
1237663782598803761,27.4797206497672,-1.06016198954229
1237663782598803760,27.4812819910216,-1.06038988146018
1237663783135347348,26.7002953205211,-0.702667637004652
1237663783135347346,26.7017203992278,-0.702346585910974
1237657071695430650,26.0612880037371,0.735781625394453
1237663783135609244,27.250881351206,-0.790290120173428
1237663783135609245,27.251741527929,-0.788947013422013
1237666407917486940,27.206967839949,-0.108108435395722
1237663783135544129,27.2080335444098,-0.726469045383861
1237666407917486941,27.2081344478604,-0.107213359536924
1237666407380353523,26.6289118434172,-0.580548644398334
1237663783672152984,26.6299305158775,-0.262029984323983
1237666407380353522,26.6303160915014,-0.580453652117305
1237663783672152985,26.6308188582849,-0.26063522278777
1237666407917224340,26.6308446823006,-0.14772180726424
1237666407917224338,26.6308624040633,-0.149287085867158
1237657069548536822,27.5265748033357,-0.957283859109158
1237663784746288049,27.5267591402445,0.573726630179167
1237663782598804163,27.5272508786071,-1.18823861383469
1237657069548536823,27.5275613246775,-0.956109718090949
1237678617429869298,27.5275622374083,1.1279046936593
1237657071158558765,26.1418876465501,0.340681442815723
1237657071158558760,26.1424851062008,0.339285366594018
1237663782598214431,26.142566362804,-1.06042469795203
1237663782598214430,26.1425997543873,-1.06183231783267
1237657071158559348,26.1432756059309,0.268760287607829
1237666407380681519,27.3953762388743,-0.522464760986881
1237666407380681520,27.3963080044323,-0.52361688653208
1237657071695758245,26.8928686534873,0.635742662126542
1237663783671956287,26.1871259650498,-0.37569499102455
1237663783671956286,26.1883567367559,-0.374719504927998
1237666407917355746,27.025970305849,-0.00656608259518944
1237666407917355745,27.0267080827148,-0.00794613436891928
1237663784209220844,27.0301445469312,0.0765408828825345
1237663784209154879,26.9318227317733,0.120360794937101
1237663784209154881,26.9326103354721,0.121660530042732
1237663784209154873,26.9326163118373,0.0217716883134789
1237657071158559049,26.0625184944886,0.364178614773272
1237657071695430651,26.0625916054688,0.736321494644106
1237663783671956379,26.0628959882898,-0.311357876111163
1237663784745698046,26.0632131817576,0.454114278996065
1237657071158559050,26.0637491819328,0.363362408635101
1237663784745698045,26.0640372413011,0.455300228096443
1237663783671956380,26.0641747013431,-0.310790356253206
1237657071158559347,26.1446317518337,0.269388635997779
1237663784209416559,27.3994669410697,0.162405157985507
1237663784209416560,27.4000266016099,0.161067498219005
1237663783135739927,27.5711419024738,-0.676581088751234
1237663783135739929,27.5716776355664,-0.677905338015424
1237666407917224341,26.6323190994173,-0.148171259156198
1237657071159280534,27.7036316379522,0.278795245775379
1237657071159279991,27.7039165263292,0.277247297580265
1237666407380353804,26.7458337956617,-0.603199578669545
1237663785282568780,26.1484861402837,0.962132631499682
1237663785282568783,26.1489616741658,0.96068692716729
1237657071158821240,26.6519359691781,0.245215073478442
1237663785282699671,26.3810520907847,0.852391946894119
1237657071158493798,26.0098654518699,0.375394916265714
1237663784209482445,27.6636479325871,0.200680420219837
1237663784209482446,27.6640274695155,0.202154463507582
1237663784209286049,27.1143271268295,0.0677683572847108
1237663784209286048,27.1147479349127,0.0691140734122039
1237663783672218813,26.7058518176661,-0.385298101954333
1237663783672218814,26.7065471206939,-0.383817009034894
1237663783135806700,27.7088366058539,-0.670503759247618
1237663782598410728,26.5219476579658,-1.22324374728266
1237663784209023502,26.5222359882704,0.122395505427804
1237663782598148322,25.9707932507863,-1.09263519497019
1237663782598935115,27.7496729058877,-1.18500908531005
1237663782598935116,27.7512162829174,-1.18467569579041
1237663782598345629,26.4725556206818,-1.05663566116788
1237663782598345628,26.4741432530267,-1.05697984694506
1237657069548340180,27.0848826113564,-1.01383005544045
1237657069548340181,27.0860062849995,-1.01270930998794
1237666407380681032,27.3490801995678,-0.491922303250696
1237666407380681031,27.3496206775141,-0.493307687421901
1237657069548208450,26.6579318031957,-1.02621145140257
1237663783672217983,26.6584028764757,-0.353118240972488
1237663784209220845,27.0303982996518,0.0749122798015435
1237657072232366614,26.28708672218,1.06144581681957
1237663785282634099,26.2397896218833,0.960904351372203
1237663785282634101,26.2400085860534,0.962551696937667
1237663783135151104,26.24171999132,-0.717821869860212
1237663783135151103,26.2418466197877,-0.719209238512766
1237663784746091393,26.9914887932162,0.624548052510329
1237663784746091394,26.9926073251521,0.623324852258341
1237663783135806699,27.7097013077686,-0.671768535236229
1237663783135544133,27.209526322831,-0.727191392579482
1237663783135806141,27.7537510227303,-0.681207592891227
1237663783135806142,27.7551390007794,-0.681835997519276
1237663782598738839,27.2626719707336,-1.05594916842816
1237663783672546152,27.5304716715347,-0.318802866762369
1237663783672546153,27.5319271162624,-0.318186567818597
1237657072232366612,26.287770830926,1.06289843014883
1237663783672021598,26.2881046725348,-0.324648040177245
1237663783672021597,26.2887608147989,-0.326132672191443
1237657071695758249,26.8942873759819,0.635073158898314
1237657069548667763,27.713919273089,-0.937607783501214
1237657069548667762,27.7152264769308,-0.936666745436586
1237663783672611551,27.6685474739176,-0.286323719881854
1237663783672611550,27.6692414318903,-0.287692997922595
1237657069548601982,27.6696446626487,-0.931367461019381
1237657069548601983,27.6698450200637,-0.932783552194179
1237663784745894710,26.5678723079875,0.473556237832157
1237663784745894709,26.5693490077546,0.47314658335197
1237663783672217984,26.6586693973446,-0.354738200671708
1237666407380418871,26.751622547559,-0.627235775418612
1237666407380418870,26.7529570262644,-0.62654083769114
1237663785282699673,26.3826127489886,0.852339650370272
1237663783672545696,27.4120234094851,-0.283525233974033
1237663784209548229,27.799079254407,0.0577663018600722
1237663784209548230,27.8004413880246,0.0580598939867552
1237663782598214240,26.1972963972212,-1.09001003496804
1237663782598214241,26.1981701031668,-1.0888915179139
1237663784746091059,26.9945739971424,0.548953409525557
1237663784746091058,26.9957453214724,0.549753203590243
1237663784208957810,26.476118043719,0.196266335987383
1237663782598672991,27.2189718128136,-1.14302100696617
1237663782598672989,27.2197416048905,-1.14181330043716
1237663784209285581,27.1231645577367,0.193402295888176
1237663784209285582,27.1237483811197,0.194833755999159
1237663783672480075,27.3525111081696,-0.338863150493407
1237663783672480076,27.352999395266,-0.337476612529782
1237657069548732808,27.8450599972728,-0.999706503117741
1237657071695692326,26.7144839708711,0.775280979288602
1237663782598738840,27.2642360734802,-1.0556131001106
1237666407917486758,27.3083074855922,-0.0824708818694112
1237666407917486759,27.3088169993912,-0.0809794702467918
1237663784209351816,27.3094136874508,0.142765398155281
1237663784209351331,27.3101603434409,0.141307964004198
1237657071695495959,26.29190281668,0.742435271227405
1237657071696020057,27.4949849943114,0.720686663107141
1237657071696020058,27.4958428769247,0.719451735229967
1237657069548274159,26.9017731888466,-1.04656639908435
1237663783135740522,27.6239687175236,-0.743854009466017
1237663783135740523,27.6245399811882,-0.74243310192306
1237666407380222261,26.4398640735776,-0.56826152305251
1237663782598935433,27.7227760435351,-1.24234556912444
1237663782598935434,27.7241431777124,-1.24264515883856
1237657071695888798,27.1274102420851,0.771926795377021
1237666407917028199,26.2035029435682,-0.00238203387330762
1237657069548208470,26.6642262105181,-0.934466489659687
1237657069548208469,26.6644431601424,-0.935871219326253
1237657071159149145,27.4968587058585,0.327248265144639
1237657071159149143,27.4970686442288,0.328625377700216
1237663782598870417,27.673044047417,-1.13373004489063
1237657071696085780,27.6732339470772,0.632637680180415
1237657071696085778,27.6735041814734,0.634119575731328
1237663782598869765,27.6746137627693,-1.13351342237696
1237663784746025502,26.8524559108655,0.625103769298768
1237663784746025501,26.8528862626519,0.623700228168585
1237657069548274158,26.9026306431883,-1.04515932398871
1237666407917355335,26.9039850091576,-0.183612455799094
1237666407917355336,26.9049144309755,-0.184734310843716
1237663783135609714,27.3621967073229,-0.744827143141054
1237666407380681214,27.4154116574867,-0.44080588982888
1237666407380681213,27.4167302838779,-0.441747533912191
1237663785283289288,27.7267432406488,1.04211855876686
1237663785283289290,27.728183665622,1.0421022377169
1237663783672349983,27.0908110516042,-0.215506454961026
1237663783672349982,27.0918825204515,-0.21639144971603
1237663783135478340,27.0385522285984,-0.685382354632822
1237663783135478338,27.0399276453572,-0.685876597997947
1237657071158756576,26.5756146990888,0.357837903297857
1237657071158756575,26.5760322254134,0.356377541081434
1237663783672284004,26.939605800418,-0.278743398426434
1237663783672284002,26.9396246166398,-0.277180027916833
1237666407917486478,27.226500733693,-0.20758974170216
1237666407917486479,27.2276984645554,-0.206723880495685
1237666407917618361,27.6259591808396,-0.133200166451982
1237666407917618360,27.6274481649833,-0.13315359205578
1237663783672741952,27.8528675075752,-0.255302028779001
1237663783672741950,27.8543529476785,-0.255838004074283
1237657071695626666,26.5298491073335,0.6788011337218
1237657071158755771,26.5303895036235,0.251502888360677
1237657071695626665,26.5305780189433,0.680203616681101
1237657071158755769,26.531936646414,0.251680934203004
1237657069548142912,26.5339287193524,-0.919764003804159
1237657069548142911,26.5340999500826,-0.921186774581042
1237666407380222254,26.440951960804,-0.569136505404679
1237663782599001438,27.9382486072261,-1.05107092355666
1237663782599001440,27.9394222363658,-1.05209761567691
1237657071159345775,27.9398879580659,0.336258886420827
1237657071695888797,27.128784713835,0.770998108029502
1237663782598934892,27.7624498801034,-1.06188659028685
1237663783672283555,26.8073645783956,-0.380792718167562
1237663785282896350,26.8079569427426,0.975931173158431
1237663785282896349,26.8094915086586,0.976248738142654
1237663784209154454,26.8106328623998,0.1100745065562
1237663784209548252,27.8070141472874,0.145569918202235
1237663784209548253,27.8074917157163,0.147149195996642
1237657071695692327,26.7158684990232,0.776123271869129
1237663785283354824,27.8986350553006,1.00447175177437
1237663785283354823,27.8992709847987,1.00575414728028
1237657069548012548,26.2980689742262,-0.905939364934919
1237657069548012550,26.2992037053208,-0.907089061553421
1237666407380549950,27.1822723279712,-0.584127978262977
1237666407380549953,27.1838225380025,-0.584183361078423
1237657071159345776,27.9401236028309,0.334887950338404
1237666407380878032,27.9419772386527,-0.460356072460889
1237666407380878031,27.9422007441553,-0.461761926079907
1237663784746353312,27.6769704525618,0.540578768416558
1237663784746353311,27.6783966775293,0.5402569594713
1237657071695888699,27.0966658747729,0.764261692569736
1237666407380615879,27.2742306750936,-0.537175228510931
1237666407380615878,27.2750703986616,-0.538464184802696
1237657071159149167,27.5002775645482,0.339742938605014
1237657071159149165,27.5005919860874,0.341314217135392
1237663783135412249,26.8583596568695,-0.755246468716193
1237663783135609715,27.3636229497971,-0.744154513971972
1237663783135806080,27.7365408058044,-0.692773913614652
1237666407380943113,27.9867887476233,-0.563333504731358
1237666407380943112,27.9878165936294,-0.56444631921007
1237663783672415202,27.2303241768841,-0.360860143425949
1237663783672415201,27.2312534922404,-0.361908476014451
1237657071695954482,27.317047271525,0.791480786318015
1237663783135609550,27.3174542186095,-0.770102244765821
1237663783135609551,27.3180396797601,-0.768765716067655
1237657071695954483,27.3181944854722,0.792405812558259
1237663784208892750,26.2044343177302,-0.00106179821418245
1237657071695495609,26.2054850509805,0.800216812997454
1237663784209154453,26.8117513061808,0.10902507264333
1237663784746025680,26.9108862218826,0.512098153944346
1237663784746025681,26.9120582842535,0.511263764291558
1237663782598934890,27.7640972094342,-1.06169439019322
1237663782599198213,28.3124867104484,-1.14367631280485
1237663782599197902,28.3139927240483,-1.14403045054612
1237663783672349506,27.0424136826008,-0.216338287210729
1237663783672349505,27.0432019201556,-0.215152924658676
1237657071696347684,28.2186533583715,0.816566067981276
1237657071696347685,28.2201391820829,0.816556988741273
1237663784209088572,26.6716324763259,0.123022719094471
1237663784209088571,26.6725571838908,0.124099414155574
1237657071159214596,27.6285807741172,0.366556834679318
1237657071159214594,27.6301477042838,0.36610173091796
1237663784746680598,28.4067894481948,0.442972068904701
1237663784746680597,28.406830786101,0.444429571900694
1237663783135806081,27.7370997599389,-0.694161862752988
1237663784746418515,27.7380674126386,0.600107901922039
1237663784746418516,27.7394373280708,0.599624770085474
1237657069548667818,27.7394762951416,-0.93907925272517
1237657069548667817,27.7399795994392,-0.937759621393325
1237678617430000666,27.8555352816584,1.17137306938029
1237678617430000833,27.8558104574482,1.1697739387228
