objid,ra,dec
1237664837540381150,134.021631106211,26.9165330091669
1237664879409496616,133.861722090526,26.1392210207763
1237664837003379261,133.965826581231,26.3014135454445
1237664879409496822,133.97358879757,26.1307497561889
1237664837003444469,134.074835528648,26.4464778596777
1237664837003379412,133.990890041761,26.3818324054836
1237664879409496414,133.978713262236,26.0965715131899
1237664837003313984,133.908022085356,26.2482110086316
1237664837003314091,133.913832401678,26.3169704485645
1237664836466376897,134.022989259926,25.8486625331903
1237664836466377556,133.989045853719,25.8082195506285
1237664878872625489,134.052272948385,25.7282205955368
1237664878872625584,134.08070805121,25.7447401527881
1237664836466442762,134.081896419149,25.8333946864148
1237664836466442656,134.050164423211,25.8392674101461
1237664836466443315,134.072236736418,25.8575679948936
1237664836466442724,134.053269298156,25.8627270271945
1237664836466442652,133.996981374623,25.9240313296988
1237664836466442978,134.099395011337,25.9135534386396
1237664878872625624,134.14954455351,25.6609240090729
1237664835929506653,134.161681968985,25.6064259459884
1237664879409561773,134.117548475523,26.1572405270684
1237664667352695433,134.199823246361,26.7583578434144
1237664837540381250,134.132744895363,26.8011171823889
1237664667352695515,134.251524459982,26.7785135696707
1237664837003444808,134.131759974779,26.3686894881393
1237664879409627452,134.226622302683,26.1952616108346
1237664879409627751,134.227434232688,26.2342327088893
1237664837540381393,134.09753013865,26.9672718339495
1237664667352695240,134.227224909326,26.8275214859871
1237664837003444581,134.140009011953,26.3447977918475
1237664879409562248,134.146014318145,26.0959483665846
1237664879409627965,134.194459582585,26.1302726358071
1237664836466508197,134.235399976105,26.117110736003
1237664667352695096,134.13149006719,26.7778755850013
1237664091827078035,134.116643170684,26.6040846226062
1237664879409627847,134.209792078524,26.3254378830548
1237664835929572002,134.316586860737,25.6306210166274
1237664878872625357,134.171088379705,25.7277630097816
1237664878872625835,134.218659996023,25.7241100365935
1237664878872625710,134.190122817543,25.6739266990454
1237664835929571874,134.248103931018,25.6529712021824
1237664836466443119,134.168989663263,25.8783001998802
1237664878872625809,134.158424611871,25.812779593402
1237664878872691611,134.293207202995,25.73660637538
1237664836466442435,134.137858574722,25.8834419036039
1237664836466508280,134.160411594965,25.974012532889
1237664878872691291,134.221730679335,25.8747842522428
1237664836466443184,134.168363558682,25.9174930912342
1237664836466508283,134.187069448558,25.9299623797589
1237664836466508367,134.231100143041,25.8996383684708
1237664878872691431,134.310736321843,25.8266966578267
1237664836466508576,134.258515228334,25.9614978233096
1237664837003510228,134.316283256182,26.6182702515186
1237664837003576092,134.429670092373,26.5945578620998
1237664667352826455,134.44936216623,26.9117083693518
1237664837003575676,134.409138364479,26.6026257963385
1237664667352760980,134.403132317292,26.8994340505324
1237664879409693520,134.394819522246,26.2307651742252
1237664879409627431,134.309536637347,26.2134681312508
1237664837003510672,134.349456434855,26.5220695792672
1237664879409693242,134.40469744903,26.262548084833
1237664879409627926,134.281131744177,26.2667132558478
1237664879409692951,134.367283246427,26.2356560870187
1237664879409627481,134.276050073226,26.2204819287824
1237664836466574029,134.291357829139,26.1531588709037
1237664879409693188,134.308822305864,26.3919686136141
1237664835929637838,134.420928704263,25.7350186594601
1237664835929637522,134.43853516239,25.7081257969293
1237664878872691394,134.334704236075,25.7552531093192
1237664878872691758,134.377894412513,25.7801191528856
1237664878872756827,134.454092325358,25.9201151994292
1237664878872691333,134.317308424075,25.7437479650696
1237664835929637378,134.43732921265,25.6348674345984
1237664878872822411,134.553851266468,26.0379534180925
1237664878872756790,134.478076998138,25.8482067987933
1237664878872756721,134.377977979434,25.9345896425403
1237664878872822373,134.53702510211,26.0266272280532
1237664835929572100,134.325914520043,25.6573582596151
1237664836466573620,134.468097725403,26.0224304400407
1237664878872691732,134.313293413158,25.8553693182103
1237664835929572107,134.365418940034,25.5941131927252
1237664835929637261,134.421040063286,25.5715959762001
1237664836466639991,134.518570129033,26.2149438600904
1237664879409824314,134.654185387324,26.4368661314835
1237664091827273975,134.639646997099,26.8066739865271
1237664836466639682,134.508285689586,26.255968897318
1237664879409693373,134.442009889346,26.2991527700857
1237664836466639754,134.638304005092,26.0878988254228
1237664879409758521,134.489049866525,26.4347037074765
1237664091827274050,134.609389923308,26.8051343589636
1237664836466704897,134.618367798446,26.1412203506617
1237664837003576212,134.459358360933,26.6466308431442
1237664836466639636,134.560990362311,26.1357604706134
1237664667352891752,134.581982926025,26.9858054783388
1237664836466639629,134.588376447341,26.0870212305941
1237664878872822531,134.610371504107,26.016546526199
1237664878872822409,134.578544540733,25.9946161673563
1237664878872822062,134.629698774922,26.0057610223798
1237664835929702839,134.513709117141,25.7101629955507
1237664878872822564,134.681686015859,25.917712625329
1237664878872887816,134.658372631599,26.0758994463547
1237664878872887915,134.722337094342,26.0598839020128
1237664878872822220,134.571558185436,25.8437876742875
1237664835929703163,134.633553983106,25.7607102230276
1237664878872822350,134.573678450071,25.9548676102634
1237664878872822546,134.63547294208,25.9790529690366
1237664878872822396,134.633280334497,25.8952664572372
1237664835929637161,134.527434645479,25.6067786690279
1237664091827339992,134.681519314621,26.8250278670085
1237664837003772215,134.879922672575,26.8557204779849
1237664837003707012,134.699270269748,26.7477666832873
1237664837003707082,134.789340761375,26.6784613683218
1237664879409889595,134.686856440533,26.5715094279311
1237664878873018733,134.919247405269,26.1776662769978
1237664878872953314,134.797112071769,26.1483841628033
1237664878872953198,134.770389891175,26.0951358363504
1237664836466704456,134.714117538637,26.1216388715045
1237664836466770531,134.854193390453,26.2155826862931
1237664836466835926,134.897002279324,26.3822578470517
1237664878872887994,134.740812299528,26.0875456410507
1237664878872953267,134.808867731283,26.0915315604045
1237664878872953577,134.936967720325,26.1099804230781
1237664878872952915,134.884022999425,26.0432903421325
1237664878872953417,134.874851901518,26.1044450260815
1237664835929899438,134.918026007727,25.958382334124
1237664878873019193,134.998222025953,26.0239268558567
1237664878872953370,134.871082740214,26.0839653404946
1237664835929768603,134.784868084689,25.7435689448535
1237664835929834280,134.929953375502,25.8896965179258
1237664878872887568,134.785328012615,26.0490371352842
1237664835929768468,134.751161617961,25.6761306639109
1237664835929899433,134.99925069892,25.8176582116623
1237664878336016887,134.948821169379,25.5858147751989
1237664878335951311,134.772699192636,25.6640325837155
1237664878336016709,135.004879931021,25.6335915165346
1237664878336016653,134.902785276276,25.5744147684187
1237664879410020797,135.134432575561,26.5614762907755
1237664879409955026,134.986398277857,26.6750307178679
1237664878873084720,135.206908302207,26.2149315294372
1237664836466836017,135.007550425211,26.3219007043521
1237664836466901247,135.145161752705,26.4661581046552
1237664878873084024,135.178199565758,26.2049003253805
1237664878873084171,135.121969930302,26.1772965919257
1237664878873149619,135.202984958056,26.3208593673478
1237664878873084698,135.231162759914,26.1586892651781
1237664878873018894,134.983570770303,26.1905360769238
1237664837003838064,135.096416999118,26.8182694170466
1237664878873018944,135.048672987365,26.1119364113641
1237664836466835761,134.935767800282,26.3667140902847
1237664837003772764,134.90214916144,26.6975831820925
1237664835929964954,135.086436841273,25.9901418260223
1237664878336147473,135.1701648967,25.7555658327328
1237664878873018877,135.053932424094,26.0645360195086
1237664835929965291,135.20273128064,26.0496946637666
1237664878873019156,135.133511742275,26.1068474465192
1237664878873084807,135.278323873473,26.1777312028356
1237664835929965196,135.223561707884,25.9459783079897
1237664835929899823,135.099172483089,25.9561892279086
1237664835929899616,135.068415924491,25.8511556819147
1237664835929965239,135.226224926689,25.9821219992961
1237664878336082682,135.09869384542,25.6523107725637
1237664878336016682,135.025115362204,25.5928399829102
1237664835392963348,135.08094300433,25.566011396674
1237664878336082047,135.088636828043,25.6099793971323
1237664878873215468,135.448989852838,26.2903307092569
1237664836466966798,135.216142958722,26.481147377947
1237664879410021080,135.101717860348,26.6639823651299
1237664878873215508,135.45148669487,26.3128208968474
1237664836466966802,135.199992022706,26.5115011986478
1237659330317976287,251.682337854266,34.6286510971149
1237659325495116867,251.510383101275,34.5715846315815
1237659330317975741,251.725370316455,34.7218787646104
1237659330317975924,251.669494976372,34.5429061766768
1237659330317976335,251.682342090882,34.6094551374939
1237659330317910429,251.477067978614,34.7724576346304
1237659330317975712,251.595175948324,34.6562107326717
1237659326031856720,251.705986369995,35.046048154778
1237659326031856663,251.582748722437,34.9822547141144
1237655471823324287,251.795207250541,35.0291008843026
1237659326031922494,251.742740297314,34.8437616513001
1237659326031921962,251.792275599306,34.9744654704546
1237659326031922412,251.643936269316,34.8497742419205
1237659326031856300,251.59777858655,35.115522981482
1237659326031790138,251.508879997331,35.1855597545549
1237659326031790750,251.470533188939,35.1836130870556
1237655471823127755,251.512679582244,35.4428318937431
1237655471823192516,251.509418512582,35.3384941571507
1237655471823061716,251.400737364589,35.5878933424646
1237655471823061167,251.451291735778,35.5927432785236
1237659326031724702,251.481833118265,35.2484973515574
1237655471823127359,251.509870337673,35.4647532699778
1237655471823192938,251.615477535411,35.293401626134
1237655471823127246,251.491577905491,35.5142053040138
1237659326568530623,251.574211683413,35.6626239986083
1237659329781105450,251.248270506839,34.3025923961624
1237659325495116625,251.488972811368,34.6393615611328
1237659326031790852,251.405328104497,35.1129525489702
1237659325495116955,251.418448600234,34.4795862365259
1237659330317779322,251.297746196062,34.9484378428623
1237659330317845132,251.419886403615,34.8632283277189
1237659330317713595,251.322934388783,35.0603668093786
1237659325495050875,251.381518455882,34.6746382919266
1237659325495116737,251.460440628224,34.5864072540298
1237659330317779767,251.279446588455,34.8832214566104
1237659325495116394,251.436808531401,34.5977650433189
1237659330317648758,251.202722712096,35.2128709809781
1237659330317713642,251.226782084489,35.1513305685964
1237659326031725383,251.375437687364,35.3057398000859
1237659326031790666,251.368881905267,35.1457954585728
1237659326031594217,251.164961371071,35.5812437557145
1237659326031660213,251.298724757398,35.3263747959007
1237655471823061100,251.337011197501,35.5921857090496
1237659326031528312,251.184142136183,35.6484557153106
1237659326031593968,251.21266701694,35.5544722942185
1237655471823061628,251.295488111676,35.6086224212337
1237659326031724556,251.352708517736,35.338147844642
1237655471822996288,251.250938918669,35.6927588876934
1237659326031790640,251.401951440021,35.1847937410183
1237659330317648402,251.167988938799,35.3040059151224
1237659330317648587,251.167767188453,35.2784223324394
1237659325494920518,251.122744889432,34.9027980009455
1237661388692848739,251.040068631448,34.4843284110281
1237659325495050970,251.189164869466,34.6711369752028
1237659330317714042,251.117105244078,35.081618816671
1237659325494854506,251.017826966858,35.0083492097494
1237659325494920088,251.049795444972,34.8766375531993
1237659329781040212,251.224858987759,34.5679206193285
1237659325494985879,251.2260071489,34.7178922796944
1237659330317779625,251.249938217958,34.9266188039039
1237659329781039989,251.130281968306,34.4462166777914
1237659330317713498,251.194058495781,35.0508492524493
1237659330317714126,251.186002728518,35.0919310011082
1237659329781039962,251.191757984664,34.4966931180822
1237659330317648561,251.064072744036,35.2231088380166
1237659330317583088,250.97900111384,35.3240651356899
1237659330317648644,251.032060318772,35.1654827130909
1237659325494854234,251.009891379683,35.1088318018479
1237659326031528082,250.982344301641,35.5298264254199
1237659330317648495,251.122406567511,35.2895898918287
1237659326031594220,251.084595094806,35.5297120021037
1237659330317583538,251.132664616126,35.3377794336363
1237659326031593959,251.038381095816,35.4691988950138
1237659326031527948,251.05583125868,35.7266047278694
1237659326031528784,251.035745907902,35.628927834853
1237659326031593848,251.138357234652,35.4559405326397
1237659325494788531,250.992597893397,35.1523768396161
1237659324958179810,250.891403027146,34.3438681201108
1237661388692783642,250.91682821372,34.6006660710054
1237659324958179975,250.890099285302,34.4731098423764
1237659329780908835,250.928008683948,34.6515031437494
1237659324958114610,250.871409514098,34.5928083866335
1237659329780974656,251.021896198622,34.5522535736598
1237659325494854262,250.993890891976,35.0890135413272
1237659329780843448,250.811462516985,34.9031209642966
1237659324958114502,250.8472450657,34.6118138829588
1237659325494789074,250.898483322571,35.0884610177031
1237659329780777702,250.818133147096,34.9997478839211
1237659329780777656,250.796596922684,35.0157500954474
1237659325494854628,250.967230867593,34.9304470321966
1237659325494854502,250.972718366312,34.9804808477334
1237659325494789273,250.940844196674,35.1538324859981
1237659325494657349,250.715489068807,35.3698108522473
1237659325494788723,250.752504937223,35.1424825583476
1237659330317452272,250.789495220834,35.6536749446374
1237659325494722598,250.729249781938,35.2703687883057
1237659326031463386,250.883936640881,35.6670696631325
1237659325494723471,250.80910920383,35.2738212906767
1237659330317583084,250.937179493811,35.3000305739631
1237659325494723533,250.856297846549,35.2789186248015
1237659326031463066,250.879510064261,35.7573119768714
1237659330317517563,250.924837447172,35.4492983318142
1237659330317386640,250.723252840481,35.6688760720316
1237659330317517075,250.926497413736,35.4706145072274
1237659326031463143,250.895852988096,35.744177241299
1237659330317451933,250.778080172948,35.6099237009471
1237659324958049034,250.693339830962,34.6746636589993
1237659163889697504,250.669574912492,34.4279668736502
1237659324958114151,250.669424938757,34.5228945347729
1237659324958049002,250.711932968448,34.6959179640556
1237659329780843100,250.715983076055,34.8300987236585
1237659329780778076,250.684774438785,34.8448134054754
1237659329780777263,250.752283091206,34.9496520634949
1237659329780843186,250.739033610231,34.8052630323419
1237659324958114662,250.809281341298,34.5375894811918
1237659329780712160,250.705728224461,35.0917570928222
1237659329780777934,250.773205988447,35.0306217985631
1237659329780777538,250.768050501843,35.0499205018616
1237659325494723437,250.655458509126,35.191745490827
1237659325494657431,250.534528235052,35.3958710900665
1237659325494658139,250.689154176005,35.345761775921
1237659329780581073,250.461411000988,35.3600968959282
1237659329780646508,250.446751708484,35.2133288868387
1237659330317386625,250.608827504159,35.5998582075184
1237659325494592182,250.508343223619,35.547036994603
1237659325494527017,250.507603773394,35.6229280733562
1237659325494592447,250.543893729319,35.4744246086594
1237659325494657875,250.698681588411,35.4333208732725
1237659329780646794,250.534572511467,35.1267456632095
1237659330317321230,250.591306805422,35.7719304087682
1237659325494657465,250.678614441818,35.4243046639357
1237659330317386897,250.656194462173,35.6748970762997
1237659330317386475,250.584603631769,35.6343088895405
1237659163889632428,250.547858365368,34.3890192027894
1237659324957918097,250.483604023304,34.9007335598829
1237659163889566013,250.493574034276,34.6692659583893
1237659324957983604,250.472577269344,34.7387064748697
1237659324957917849,250.483057483004,34.9816966719743
1237659329780777220,250.637613660817,34.9038057890034
1237659163889632168,250.571716927868,34.5148684044037
1237659324958048799,250.640637658496,34.711535407879
1237659324957851940,250.454093551329,35.0027857845752
1237659329780712111,250.577188851831,35.0397684624154
1237659324957983690,250.551008938124,34.7650651035208
1237659329780712452,250.588542975056,35.0142888229737
1237659324957787569,250.33377892697,35.1543022487356
1237659329780646874,250.399226014109,35.1830199075011
1237659329780580991,250.312136806376,35.307182787122
1237659329780581265,250.34353349582,35.203553231676
1237659329780580386,250.342511597226,35.3158064413835
1237659329780646436,250.426662372775,35.2300053331929
1237659325494526798,250.478960659293,35.6735729945122
1237659325494526980,250.350920860448,35.5329899750212
1237659329780581148,250.444157072259,35.3082731911148
1237659325494461475,250.355337341987,35.7300180268176
1237659325494527075,250.355212943715,35.506905350561
1237659325494527325,250.407523347189,35.5641841015894
1237659329780515758,250.322511912308,35.3737945156553
1237659325494591932,250.397754672208,35.4559947526747
1237659329780515720,250.39260004926,35.4281189648542
1237659325494527083,250.478543982537,35.5814842924866
1237661388155716477,250.148179366658,34.7068748386032
1237659324421177642,250.207770060705,34.4055091478813
1237659324421178206,250.185672653448,34.3854048250717
1237659163889500462,250.258831019384,34.6413445045188
1237659163889435323,250.181651791666,34.8881879292703
1237659163889566144,250.331680212867,34.5967697991386
1237659324957917936,250.439558369475,34.9278485051205
1237659324957917944,250.373536724129,34.8827933247711
1237659163889501161,250.385946337804,34.687306838391
1237659163889435420,250.168822515769,34.8223758306633
1237659324957852326,250.416870489269,34.9732264088615
1237659163889435643,250.229658664455,34.7720872128272
1237659325494395872,250.135923082751,35.7683507946182
1237659324957721520,250.097793779604,35.2025866431861
1237659329780450038,250.194710534674,35.5503621380339
1237659324957721350,250.114768742787,35.273813346019
1237659324957786914,250.260969462153,35.1812509876171
1237659324957720707,250.225756240149,35.2670577471056
1237659325494460897,250.282195740477,35.6636981628461
1237659324957721030,250.19403493888,35.3168663499364
1237659329780515832,250.166974899691,35.4228665896109
1237659324957721705,250.221404729813,35.2170027118182
1237659325494461156,250.178974392069,35.7227891098129
1237659329780450052,250.159776863754,35.5272173402836
1237663531874255338,134.442845018828,61.5828520299127
1237663531874321038,134.68395348916,61.680733528971
1237663549054320881,134.684016413848,61.8710766824835
1237663786887151847,134.286721080503,62.0047723588041
1237663531874320792,134.608145267046,61.6022435165639
1237663916271534534,134.243904611823,62.4398302884818
1237663916271534623,134.41326982548,62.4410372945769
1237663916271731055,134.821410148858,62.713235208441
1237663916271731411,135.002134667864,62.8201429204863
1237663916271665568,134.579197235352,62.6340133401975
1237663916271665496,134.611248291613,62.5900349045994
1237663916271600275,134.451726590452,62.5463760632639
1237663916271731279,135.028336925772,62.7383551472103
1237663916271534483,134.231689864613,62.4153448918208
1237663916271534634,134.394012284417,62.4577348368071
1237663786887348932,134.770457164779,62.5038715268777
1237663786887348756,134.687709962946,62.4387821665406
1237663915734663583,134.768890693473,62.2086133694692
1237663915734598378,134.715000560167,62.0260020218315
1237663915734598439,134.709882195027,62.0955237431822
1237663531874451848,134.79488600935,61.8759366551983
1237663531874517499,135.159570038641,62.0105600815562
1237663531874517651,135.2009171666,62.0836285624894
1237663531874451911,134.87463217417,61.8942338832265
1237663531874386604,134.850224348137,61.8075331647511
1237663531874517467,135.194487723928,61.9692937090919
1237663531874452083,135.267045603507,61.8402045768813
1237663531874321081,134.769869383375,61.6548934346147
1237663548517450035,135.133466462952,61.6539064719384
1237663916271796862,135.384123074885,62.844182004796
1237663786887480305,135.304662143662,62.6963158319676
1237663916271796641,135.14339430366,62.8002397760544
1237663786887545246,135.349503644444,62.7510495575377
1237663916271796624,135.089176008424,62.813028305969
1237663786887414402,135.066877850099,62.5904723136064
1237663786887283547,134.711063202499,62.3609813225582
1237663786887479430,135.232522462094,62.6303604652003
1237663786887283222,134.698460676422,62.3215285358361
1237663786887479429,135.265535893019,62.6145343046478
1237663786887349248,134.853366199357,62.5012973808498
1237663786887414200,134.952171070049,62.5262035559388
1237663786887349282,135.052234322017,62.4342452495502
1237663915734860137,135.327083473179,62.4968310552811
1237663531874583131,135.419198501758,62.1577555965307
1237663531874517765,135.282304844383,61.9684079191488
1237663531874582769,135.443724135427,62.0040320099209
1237663531874583082,135.601243318653,62.0464078690406
1237663531874517836,135.522691335822,61.9546831453374
1237663548517515348,135.526554559273,61.8086753290295
1237663531874517589,135.348548980562,61.9911137649299
1237663531874583164,135.498017427814,62.1446251178671
1237663548517515552,135.361985706205,61.7429394322549
1237663531337581037,135.506614730845,61.6048699775815
1237663786887610778,135.71648708679,62.8200730796188
1237663786887480392,135.452127445785,62.6863541541779
1237663786887545759,135.682282292053,62.7833882285121
1237663786887479581,135.404408317495,62.6438579542089
1237663915734925735,135.665007164288,62.5969568407373
1237663915734925716,135.612174103807,62.6061001554046
1237663915734925681,135.811737019023,62.5024865859434
1237663915734860377,135.429716225246,62.4584856854711
1237663549054583161,135.548909535474,62.2680347772165
1237663531874648678,135.650272748768,62.2778464791091
1237663531874648669,135.745485731869,62.2322195983197
1237663531874648383,135.746898306811,62.0738809252633
1237663531874648480,135.703450186506,62.1394608678247
1237663548517646947,135.851975346753,62.0202826450694
1237663531874648877,135.867350248497,62.1903545451338
1237663548517646762,135.807595739958,61.9477509666517
1237663548517581296,135.802536496968,61.8267198818733
1237663548517646854,135.829270720678,61.980164897315
1237663531337712210,135.950313777704,61.8205187519193
1237663548517581187,135.642768095447,61.8363873242166
1237663531337711845,136.005554919566,61.8246002218172
1237663531337581236,135.710181944934,61.6250035548462
1237663531337646648,135.944258307413,61.6679942230398
1237663786887676595,136.04557559447,62.9237935893403
1237663786887676715,136.091825345487,62.9945201468434
1237663786887611127,135.7752775172,62.8803810496451
1237663786887676402,136.048634897489,62.972751127203
1237663786887611005,135.784483716365,62.7889326139988
1237663786887611172,135.846139955823,62.8796486011541
1237663915734990959,136.001383468804,62.7854986407453
1237663915734991398,136.189447502809,62.6799039487158
1237663915734991646,136.18416110806,62.6992917863271
1237663915734925869,135.967756857632,62.5392748547922
1237663549054648769,135.858177751502,62.4429335133503
1237663531874714154,136.012704216353,62.3399434474914
1237663531874779742,136.124786030036,62.4378391138224
1237663531874845102,136.211355552435,62.5661445544434
1237663531874779655,136.184508824277,62.3589043333421
1237663531874713896,135.982458858175,62.1751841890158
1237663548517777669,136.32954690636,62.2575348216586
1237663548517712525,136.10599176347,62.1583600814681
1237663531337842810,136.42783271588,62.0041746913494
1237663548517777661,136.348939288888,62.185965388655
1237663548517647024,136.018231968022,61.9909424348621
1237663531337777737,136.352760265905,61.9038080848385
1237663531337646813,136.079300977688,61.6940782878767
1237663531337712034,136.115864122993,61.7430701832947
1237663531337712381,136.057225875367,61.8266826901569
1237663531337711698,136.101958747724,61.8449114120453
1237663531337711962,136.242797575848,61.7330700392326
1237663548517712346,136.220520091719,61.9895387871656
1237663531337712444,136.270583192867,61.7457121024982
1237663531337646185,136.096635912201,61.6550493460164
1237663915735187851,136.488369787411,63.0423644995431
1237663915735122548,136.400471024369,62.9315547321504
1237663915735057044,136.405318407859,62.7151305303976
1237663531874910564,136.399895391425,62.6141399437255
1237663786887676207,136.136584612597,62.9902630189067
1237663531874845298,136.436799300675,62.5634869165209
1237663531874845446,136.500759590841,62.4719052940856
1237663549054845557,136.439264547504,62.706976182646
1237663531874844730,136.444145690908,62.5234501357917
1237663531874845315,136.585753857986,62.5085353189434
1237663548517843663,136.631795208285,62.212352874933
1237663531337908629,136.55620973124,62.1256379242813
1237663548517777739,136.489130562094,62.1686736730289
1237663548517843654,136.637344407006,62.1941323037554
1237663531337843364,136.676154535068,62.0068046572467
1237663531337908515,136.69430232519,62.0811738970431
1237663548517843423,136.660527098402,62.2263053151016
1237663531337843198,136.621143735513,61.9385925112441
1237663547980841362,136.667425546134,61.7488698654132
1237663547980841012,136.752185595917,61.8129199708029
1237663547980841475,136.746515430229,61.761390952701
1237663547980841450,136.636387580397,61.8042746389707
1237663531337777824,136.468980671697,61.8972478464573
1237663547980775985,136.471990895484,61.6468934001912
1237663915735187823,136.561690831608,62.9938327292643
1237663548517974381,136.840483699854,62.4854198406048
1237663549054976264,136.970882206375,62.9182253952284
1237663531874976431,136.910062308867,62.7317205946304
1237663915735187804,136.721173245181,62.9056868740749
1237663531874911014,136.717812653287,62.6704891502607
1237663531874976278,136.779282946419,62.7262722785203
1237663531874910804,136.729445751905,62.5767620828118
1237663531874910603,136.671124670286,62.5068015985014
1237663531874910488,136.718622291505,62.5291078725453
1237663548517908807,136.613881203806,62.3968251747286
1237663531874976610,136.949839297568,62.6394028424145
1237663548517974436,136.844270654531,62.5162644044727
1237663548517908783,136.657383155572,62.3615916047886
1237663548517843503,136.634346039022,62.3005386018843
1237663531337908783,136.807248734209,62.0931264389612
1237663531337974208,136.878792478492,62.1840163074134
1237663547980906862,136.762688415706,61.8750223805786
1237663547980906855,136.845452050409,61.8299317680996
1237663531337973955,136.873797837158,62.2203088016837
1237663531337908873,136.785298515538,62.1563721521086
1237663531337908933,136.925280621201,62.1261284601375
1237663531337908812,136.757468924034,62.1311647818424
1237663547980907209,136.967650600426,61.8444546501212
1237663547980907258,137.014107188265,61.9034942583799
1237663547980841589,136.896463911693,61.7701205384166
1237663531337908824,136.960681530067,62.0429208481462
1237663547980841622,136.945649848832,61.7559935992886
1237663547980907013,137.019115302017,61.8601727629056
1237663547980841729,136.762245289448,61.7334048310653
1237663530800972166,136.988506389759,61.743981994364
1237663547980907273,136.939794043606,61.964561544387
1237663530800906904,137.011294784407,61.6660049660516
1237663531875041786,137.109448083154,62.7605763484471
1237663531875042131,137.090495784303,62.7435131297138
1237663531875041883,137.140918039979,62.8059061188092
1237663548518039857,137.071417672553,62.5938946629389
1237663548518039900,137.042381078093,62.6311915094148
1237663531874976478,136.978707650367,62.7207268425624
1237663548518040038,137.118626491326,62.6735297121076
1237663548517974683,137.114282996086,62.5311197622368
1237663531875041672,137.07970462362,62.7191581861578
1237663548517974216,137.062926900072,62.5123468307679
1237663548518039961,137.09029972478,62.6421671097872
1237663548517974467,137.108198042964,62.4072993890184
1237663548518039905,137.108284476936,62.6018501417394
1237663548517974818,137.171863007224,62.4637909074051
1237663548517908959,136.957425773805,62.3400527964083
1237663547980972760,137.207785456545,61.8983311974068
1237663547980907141,137.141120562727,61.8810593496747
1237663547980906957,137.018444049263,61.8121597234882
1237663547981038017,137.261509516715,62.1194322720005
1237663547980972455,137.26090157811,61.9109562342763
1237663531337974390,137.129385925396,62.172500907348
1237663530801037818,137.266919813046,61.8554731342331
1237678601848357628,14.9281417958424,17.654127889662
1237678602385162671,14.7941784972552,18.038673261402
1237678602385096918,14.6414040450509,17.9316035763866
1237679169302495571,15.0453860693349,17.8469103513357
1237678602385228265,14.9703490996449,18.0125136656043
1237678602385228344,15.0113658354916,18.0344650479401
1237679169302430268,14.9850441469531,17.7005254204895
1237679169302430216,14.966538038663,17.8798825739317
1237679169302430176,14.9320710310413,17.7907071254765
1237679169839301291,14.9910515595637,18.1837445677723
1237679169302495525,15.0269669040373,17.8332959148167
1237679169839366571,15.1032095196148,18.2468577847882
1237678602385293614,15.1103867942722,17.9315969076262
1237679169302495551,15.0283184441519,17.6938202689224
1237679169302495575,15.038842587971,17.7259870046433
1237678601848357357,14.962922324586,17.6682554847897
1237679169302495607,15.0646984245041,17.7844571210569
1237679168765559222,14.8739728586053,17.4251077189812
1237679168765559170,14.851290139391,17.3639063524738
1237679168765559269,14.8894519100642,17.2847091966094
1237679168765559302,14.9088434785941,17.3706222782572
1237678601311421038,14.8233134448234,17.1785696662387
1237679168765559090,14.8171123005188,17.3039852129809
1237678601311486397,14.9221514427898,17.1493267771843
1237678601311486285,14.8921101897363,17.2352591854159
1237679168765559279,14.8930312391857,17.3058434915674
1237678601311486294,14.8859619920808,17.0959692420532
1237678601311421000,14.802806718887,17.0873713905108
1237678601311421145,14.8499079527061,17.1832877827543
1237678601311486335,14.8953113753953,17.0801993342038
1237679168228688167,14.819134983769,16.9993669531893
1237678602922165177,15.2175764149337,18.3457973968167
1237678602922164992,15.2225769907212,18.3077824592576
1237679169302561217,15.1809411249418,17.8545821628188
1237679169839432062,15.2192577164008,18.1445970882668
1237679169839366374,15.1646702924347,18.1569414859133
1237679169839432044,15.2145912370354,18.1778620420995
1237678602385294121,15.2172099688926,17.9426411262253
1237678602385294221,15.1230029655875,17.9488077224902
1237679169302495270,15.1146952376699,17.8219485575204
1237678602385294030,15.1880772402448,18.000700057803
1237678602385294300,15.1969880045143,17.9420008746539
1237678602385293980,15.1619770720122,17.9145209125515
1237678601848488232,15.2289875303288,17.644357896856
1237679169302495360,15.1470995101331,17.7876203143135
1237679169302495719,15.1301169608985,17.8013483667106
1237679168765624909,14.9873898406577,17.3460648948593
1237679168765559602,14.9450631781567,17.2786289387086
1237679168765689958,15.1499950049326,17.352087686773
1237679168765559362,14.9249515786597,17.2678589390832
1237679168765558960,14.9500542627904,17.3408186371195
1237679168765559403,14.9415759571169,17.2572457736255
1237679168765624843,15.0954587717656,17.2983993215528
1237678601311551906,15.1151131660059,17.163469777499
1237678601311486510,14.971943909965,17.2442310367088
1237678601311551889,15.0964255009217,17.1360026256752
1237678601311551591,15.1322400972893,17.1838688011547
1237678601311551887,15.0929225699416,17.1148278111002
1237679168228688623,14.9292237804132,17.0230807893305
1237679169839497800,15.3428533885157,18.2695649810405
1237679169839432262,15.3155615293765,18.2661769190071
1237679169839497550,15.3683617143911,18.2664552896158
1237678602385359065,15.3593960340788,18.0706288584557
1237678602385424704,15.4168682261305,17.8920693949666
1237678602385359729,15.3129733587265,17.9767097034929
1237678602385424979,15.4586554436445,18.0141020786737
1237678602385359346,15.2736412591036,18.0236580155061
1237679169302561365,15.302995783457,17.7087450774382
1237678601848553708,15.3857847772277,17.59182986986
1237678601848553981,15.4174973204455,17.5193991908331
1237678601848553724,15.49295019897,17.5789873165484
1237678601848488691,15.3505296243657,17.4916786207449
1237679168765689975,15.1896897598609,17.3698566579446
1237679168765690278,15.2004966880999,17.314770725389
1237679168765690341,15.2434890844117,17.2928783917514
1237679168765690568,15.2777792634379,17.236882868025
1237678601311617477,15.2587284008055,17.172794075696
1237679168765690208,15.1676038589391,17.2606398998212
1237678601311617220,15.3150470062777,17.0436717048221
1237679168765755990,15.3156134137766,17.3211182390991
1237678601311617454,15.2464500060067,17.1585774891847
1237679168228885124,15.3764472822426,16.9402066742476
1237678601311617158,15.2793579928958,17.1524780435169
1237678601311682864,15.3830499640319,17.2092538110604
1237678601311682987,15.3603234470067,17.1878074923405
1237678601311617380,15.2168317836563,17.1263591849436
1237678601848553642,15.4472610380111,17.4384692505729
1237678601311748405,15.4960749963006,17.182000636729
1237679168765821147,15.4818810851561,17.3557577606047
1237678601311748448,15.5168384444934,17.2131605705492
1237679168765821231,15.4465328906978,17.2586362959103
1237679168228950598,15.4572689166374,17.0150718066437
1237678601311748854,15.5376623740555,17.1637271274824
1237678601311748569,15.5512861607892,17.1429663693679
1237679168229016135,15.5937449306656,17.0036771726907
1237679169839563501,15.6238789174922,18.1743376026598
1237678602385425044,15.4912059948435,18.0161251973827
1237678602922361297,15.6054148293355,18.3007598602663
1237678602385555862,15.7044923176842,17.9382477657637
1237679169839628500,15.6768620753451,18.1378504931326
1237678602385490504,15.575296053527,17.9384452399492
1237678602385490163,15.6187995373327,18.0584844025553
1237679169302757789,15.7327557687224,17.6721085331855
1237678602385490296,15.6545168921639,17.9403398427189
1237678602385425124,15.5152854415627,17.8799266868454
1237678601848619167,15.5756670941378,17.5814019154771
1237679169302757780,15.7260083820876,17.7209000462587
1237679169302757788,15.7316691514,17.6538520995872
1237678602385490278,15.6028357417649,17.8607673173289
1237678601848619827,15.5955846717337,17.4943327072913
1237678601848684995,15.7113388725875,17.557513667735
1237678601848684981,15.7019776183525,17.4684795187665
1237679168765887160,15.6902669644757,17.267944997714
1237679168765886837,15.6320474839486,17.248807596775
1237678601311814211,15.7255160675427,17.024093268172
1237679168229016003,15.6893594205195,16.9981379175931
1237679168765886829,15.6258641177697,17.2229129751726
1237679168765887031,15.7521960230097,17.3140694672066
1237678601311814139,15.6958849281852,17.0363256136816
1237678601848685186,15.7768955569461,17.4324198779998
1237678601311814030,15.6627327308655,17.1651782495242
1237678601311814257,15.7459627063815,17.0310502108097
1237678601311813839,15.7589071978533,17.0433658467324
1237679169839693972,15.8596208007736,18.1486242400547
1237679169839694444,15.8415421100756,18.1174876138547
1237679169839694253,15.8877814507415,18.0649254697914
1237679169839629057,15.7982018913775,18.0772549697763
1237678602385556096,15.7977444583039,17.9975372117987
1237678602385687151,16.1543865582748,17.8899679719446
1237678602385556205,15.8363333213351,17.9497995638808
1237679169302954317,16.1229469309056,17.7975503134045
1237678602385621678,15.9904816165864,17.8501225491932
1237679169302954367,16.1525478156823,17.8184580316304
1237679169302889128,16.0811930973871,17.6681638262561
1237678601848685249,15.8065264345659,17.5890503339084
1237678601848750740,15.8894416484813,17.449813056926
1237679168766018075,16.0499638060795,17.3240693551735
1237679168766017697,15.9605114267118,17.3975015175163
1237678601848684824,15.8013035405303,17.4555269500348
1237679168765952187,15.8474097604822,17.2382114357455
1237678601311945082,15.9900452822795,17.1539211567159
1237678601311944956,16.0795632649056,17.1879004096639
1237678601311879605,15.8175804875322,17.0429741638312
1237678601311945258,16.0636841363158,17.1451227865763
1237679168229146958,15.9005459036141,16.9584868132756
1237678601848881766,16.1427370776263,17.5315525460633
1237678601848881430,16.1592325495101,17.5815967189437
1237678601848947488,16.3860124341256,17.3944948658877
1237678601848946956,16.303442781894,17.5703104511307
1237678601848881302,16.2921383481154,17.4655584187459
1237679168766083768,16.1336723382432,17.3080155197901
1237678601311944907,16.096212885225,17.1056950541347
1237679168766083447,16.1100046017473,17.2885558974087
1237678601311944912,16.0998732646463,17.1528263933677
1237679168766149114,16.3224307739536,17.2045042646056
1237679168229212219,16.0546100928755,16.9785862475713
1237678601312141598,16.4333934863019,17.0588933168955
1237679168229212361,16.1637488922626,16.9528477559416
1237678834831458786,15.4830015037733,11.0061383385631
1237678857941418300,15.5357942678481,11.2815480305255
1237678907862942053,15.4819075146054,10.8280261850872
1237678834831393375,15.4018289964777,10.947215539333
1237678834831458689,15.4409797918718,11.037938175562
1237678907862942100,15.5222650325309,10.8679295720942
1237678857941352550,15.4314527360622,11.2601611425904
1237678834294587832,15.4274515923874,10.645334950618
1237678918063817368,15.5704381602178,11.093482484568
1237678918063817074,15.5025127637431,11.1295895151273
1237678857941352988,15.3887111276155,11.3105599985423
1237678857941418340,15.5556406276013,11.2847859239551
1237678857941352859,15.4743100879411,11.3364206404684
1237678907862876587,15.3755066385096,10.7905648155059
1237678834831327904,15.195339149092,10.9308263194478
1237678918063685930,15.1763729030044,11.1758421787798
1237678834831392918,15.3212108460395,10.9461091813284
1237678907862876612,15.3853256432272,10.6814773140899
1237678834831392935,15.3779996968301,10.9246437266348
1237678918063751808,15.3454935941005,11.1027183436077
1237678918063751615,15.3570586401049,11.0702980037412
1237678918063686374,15.2001671558354,11.202369043129
1237678857941221860,15.1945758602696,11.3947985748179
1237678918063751770,15.3153583570584,11.231946433172
1237678857941287091,15.2322472867074,11.388601664284
1237678857941352694,15.3621928390918,11.4202404261588
1237678857941287328,15.2583713022409,11.444417290629
1237658491748025107,192.797899846228,9.09353817889982
1237658491747959382,192.664439233479,9.17846697508629
1237658491747959412,192.673742818608,9.21686311064928
1237658491747959181,192.743679612293,9.24539476046007
1237662236932899226,192.683463125572,9.31593096730207
1237662236932833790,192.601394965491,9.34310153097348
1237662236932833774,192.598456309563,9.4789012986399
1237658492284764223,192.548240850492,9.52963492779492
1237662236932899195,192.674090789916,9.45977419523854
1237658492284765055,192.626886890293,9.63880468927806
1237658492284764813,192.53856956276,9.59905032175497
1237662237469704759,192.594262411775,9.72600214264982
1237662237469769971,192.655503994462,9.77290039032669
1237662237469770093,192.705946966205,9.8153772930464
1237662237469705129,192.624530504596,9.88822149825328
1237662237469704732,192.58902593286,9.88629986545297
1237658492821701157,192.707356839958,9.94256210853587
1237658491747828489,192.459755495256,9.22490566333879
1237658491210956989,192.394272651816,8.70260048612715
1237662236395962844,192.608521111852,9.06100528287817
1237658491210957482,192.439400327851,8.71980935577093
1237658491211022882,192.523954700602,8.8193146272522
1237662236395897393,192.474200594801,9.01481719702777
1237662236395962649,192.491519858162,8.91857332440084
1237658491211022817,192.488115368756,8.80526727261453
1237658491747958788,192.628747492979,9.14728828435793
1237662236395897357,192.449799769678,9.01367403396283
1237658491747959273,192.636875863817,9.25970591428877
1237658491747893471,192.547390226957,9.25127749696576
1237658492284699272,192.433956019659,9.54530236823175
1237658492284699362,192.456437032232,9.53906026382734
1237658492284764669,192.501527089811,9.68107146050666
1237662236932768462,192.472858001385,9.48932967398645
1237662236932702317,192.298151749289,9.44188604656752
1237658492284765124,192.500734713779,9.55999260703492
1237658492284699208,192.417873480504,9.69129063473475
1237662236932702370,192.333449736342,9.45983136164368
1237662237469639000,192.381793989923,9.71882206226366
1237662237469639622,192.478241243264,9.78366058691071
1237662237469704210,192.524719795936,9.81660736048724
1237662237469638852,192.350641335141,9.77822134056854
1237662237469573698,192.322889105479,9.77143408587746
1237662237469573695,192.320004979854,9.78988766022396
1237662237469573731,192.336914053094,9.91553606057322
1237671265500594984,192.185481675066,8.9354792489558
1237671265500463312,192.181516395445,8.62038150859573
1237662236932702622,192.250242174408,9.32989210453021
1237671265500594508,192.272056090425,8.93459747047227
1237662236395831735,192.254358031633,9.03153419185712
1237662236395897214,192.376991507889,9.06666135590243
1237662236932767974,192.357916001394,9.33531094244032
1237658491747828339,192.408547663985,9.19596651004328
1237662236932636931,192.143067402194,9.33650586187071
1237662236932702659,192.267115594211,9.3861011794972
1237662236932636807,192.179572666543,9.445407550025
1237662236932702518,192.203377199001,9.43664960645028
1237658492284633597,192.228433909298,9.506028584449
1237658492284634035,192.263277735945,9.62796765923304
1237658492284633279,192.260042514029,9.53997097009339
1237658492284633964,192.192135925209,9.56839964659103
1237658492284633749,192.278123438895,9.66555751529502
1237662237469573578,192.275698214072,9.80725774329347
1237662237469573389,192.210468088861,9.77831381077653
1237662237469573566,192.27310919163,9.84124476993172
1237662237469573411,192.220015983212,9.83819245008504
1237662237469573562,192.2745330929,9.90397106980559
1237661977087115453,191.997164724183,8.62488354249379
1237658491210760728,191.983878214602,8.70122960918305
1237658491210826112,192.010611143737,8.76149400611107
1237658491210826296,192.107110246849,8.73871512215536
1237662236395700361,191.970158846165,8.9777446825045
1237658491747631257,191.985490213873,9.18185105812628
1237658491747697004,192.013778664231,9.21090649814439
1237658491747697260,192.144077305181,9.25061378208057
1237658491747696766,192.148054189961,9.12565146197078
1237662236932636909,192.105163646932,9.31443004346599
1237662236932637210,192.137114632534,9.46242826944387
1237662236932571593,191.961700938371,9.47970711305292
1237662236932637172,192.121076138092,9.32382495733759
1237658492284568102,192.101006940665,9.59670208912488
1237662237469442840,192.009712925196,9.71695844816336
1237662236932571358,192.01601662326,9.33553119313172
1237662237469507949,192.096232899781,9.7152429440119
1237662236932571294,192.008439079536,9.4425183066437
1237662237469507961,192.103652241898,9.81571439113707
1237658492284567973,192.061663365928,9.6236925226341
1237662237469508056,192.147446152895,9.86546671771353
1237662237469508016,192.127388292564,9.80270083631316
1237662237469442497,191.954060977385,9.72764732643491
1237658492821373599,191.988580959328,9.97855459138264
1237658492821438894,192.068971423406,9.93229619181411
1237661977087050287,191.951672149685,8.54421890111077
1237671266037269254,191.885128091169,8.5212553514637
1237671266037334538,191.780146885278,8.61313781119519
1237671266037334203,191.780132660292,8.65548998988023
1237671266037465737,191.792289532503,8.90356983892149
1237671266037466097,191.83449727078,8.91906185020276
1237662236395635163,191.838054044019,9.0528961287679
1237658491747566208,191.833595944806,9.21679658290539
1237658491747631462,191.892115560009,9.27853412697569
1237658491747565938,191.741151454725,9.27792039099266
1237662236932506016,191.796174542237,9.32238913152678
1237658492284502423,191.924864311118,9.62899395742511
1237662236932505693,191.824674445511,9.50858235429875
1237662237469377172,191.86339319558,9.72205281537718
1237662237469376712,191.805724243281,9.72629162724866
1237662237469442306,191.899741115978,9.76722379752956
1237662237469442416,191.913596161663,9.77818280585598
1237662237469377019,191.810343110804,9.80219102875602
1237662237469311658,191.72523080094,9.87068095286952
1237662237469311585,191.694878416375,9.90334681132796
1237658492821307852,191.785675426321,9.93773958525598
1237661977086984836,191.68994330009,8.59890535734174
1237658491210629633,191.631678311375,8.68696340032174
1237661977086984456,191.680875868369,8.66661403858926
1237662236395569340,191.672904842919,8.9426570805017
1237658491210629551,191.604341182743,8.77378271118555
1237658491210629652,191.643329025109,8.82161158370747
1237671266037465806,191.77168048662,8.92071455349991
1237662236395569171,191.682932355747,8.98973807608625
1237658491747565902,191.721372017218,9.19894793192396
1237658491747565981,191.788587024156,9.22008868408915
1237662236932440294,191.612767575058,9.35083304489745
1237658491747435159,191.546758892351,9.30458056964187
1237658491747435088,191.509210867179,9.2824715051318
1237658492284305606,191.468384428459,9.60031698591013
1237662236932374959,191.554145982806,9.38597334118463
1237662237469311510,191.654603428733,9.84383292452389
1237662237469246142,191.4803964216,9.85840041806505
1237662237469311464,191.6338626644,9.87001881807305
1237662237469311377,191.599959559177,9.87077722254559
1237662237469311403,191.607521489951,9.83098305594351
1237658492821177039,191.554635644015,9.96925202660246
1237658492821241976,191.646310088099,9.94034311202561
1237671266574139596,191.45930433177,8.51827312087815
1237661977086918950,191.534437733697,8.65090474918159
1237671266574336904,191.429492302426,8.90738339897438
1237671266574336569,191.373979574663,8.93443688221666
1237658491210563751,191.413400357393,8.75039050059058
1237658491210564192,191.517990854837,8.88113866448334
1237671266574336790,191.384943606824,9.00171007407942
1237662236395438626,191.412059261902,9.07859547695655
1237658491747434710,191.45122664184,9.10667465821798
1237658491747434592,191.421700738826,9.15372167438881
1237658491747434987,191.464473309933,9.27142954636838
1237662236932309672,191.393175697897,9.36561882518397
1237662236932309200,191.289771357188,9.31369763493738
1237662236932374745,191.429526383616,9.36119342553271
1237658492284240489,191.408135380327,9.61335965685244
1237658492284240339,191.342629852584,9.7016002375003
1237658492284240029,191.344815122531,9.58022562506566
1237662237469180170,191.287191842576,9.83508859527332
1237658492284240179,191.26879378097,9.65298586174764
1237662237469180650,191.428865895342,9.86857954724292
1237662237469180550,191.293953116405,9.9036465617758
1237658492821111395,191.374260605573,10.0026454480326
1237658492821111705,191.401504829594,10.0125988397754
1237661977086788130,191.226548790395,8.6263329517748
1237671266574205152,191.318746111075,8.64714052685464
1237658491210432717,191.165564250396,8.86623838696526
1237662236395373049,191.260413361544,8.91555030274194
1237662236395373003,191.228859059929,8.95404963802121
1237662236395372931,191.196567104225,8.93365916405522
1237658491747303966,191.165170588401,9.20015258028116
1237658491747304098,191.223737315245,9.18587569642513
1237658491747303529,191.129070774536,9.13792143226543
1237671266574337003,191.330708628118,8.99826379458313
1237671266574336627,191.342361568976,8.95288625436221
1237662236932178728,191.108328292144,9.41733700811115
1237662236932244084,191.242818365311,9.47692959770011
1237662236932243514,191.22549366184,9.39228871746419
1237658492284175109,191.217095369895,9.60035700314674
1237658492284174877,191.203011493513,9.67409080208705
1237662237469114939,191.223823623324,9.76066278291506
1237662237469114961,191.236185023877,9.91744993160512
1237658492821045997,191.248346024929,9.94667315676196
1237662237469114689,191.13769969765,9.86871868107953
1237658492821045831,191.199300426311,10.0023311504592
1237658491210367561,191.066432900034,8.76940787798718
1237661977086722057,191.088127929073,8.63379065992348
1237658491210432927,191.114278911384,8.80532987623579
1237658491210367137,191.023629066741,8.73199198880214
1237658491210367157,191.076132916541,8.75407693500676
1237658491210432691,191.125729164631,8.88484228004762
1237658491747238565,191.059410610381,9.12687733884974
1237668587041522154,164.111846404716,17.4771650497441
1237668288013664503,164.306368419855,17.7654239988472
1237668288013665108,164.235801282291,17.8005687192348
1237668496850747684,164.198491703765,17.2902122084941
1237668586504716635,164.241497362391,17.2392671911318
1237668496850747981,164.207825159566,17.3368950275751
1237668496313811399,164.147345262866,16.9425148493168
1237668586504716392,164.31907893809,17.1168810202728
1237668585967780472,164.198904468217,16.8027129874366
1237668496313876889,164.284503771566,17.0394427387083
1237668586504716717,164.288928087482,17.1992977352211
1237668496313876739,164.224014166122,16.961399417362
1237668585967780517,164.21768809394,16.7695637157375
1237668585967779921,164.218715645969,16.8206809270022
1237668585967780042,164.168417875245,16.7663169847268
1237668585967780327,164.167833354501,16.7083763237185
1237668585967780479,164.214640797389,16.7011119218394
1237668495776940477,164.158713340617,16.571727327082
1237668585967780557,164.237681014639,16.7362319225265
1237668292297228863,164.479340381922,17.715626967705
1237668288013730688,164.448625239356,17.8470994953661
1237668292297294206,164.511248359721,17.7673757600968
1237668496850813435,164.411419861359,17.3531607793261
1237668496850813720,164.461332845932,17.3941717912904
1237668288013730451,164.467052081602,17.9032991874176
1237668587041718602,164.546344859369,17.53725870915
1237668496850813725,164.476745474094,17.3263591973671
1237668496850813693,164.418415343604,17.384086382391
1237668496850878748,164.507556928906,17.3976524745995
1237668586504782472,164.513147320218,17.2049697686495
1237668496313876910,164.305858632802,16.9424476514071
1237668496313877027,164.359535740278,16.8704453707564
1237668585967845570,164.355410964005,16.6700491020918
1237668586504781905,164.521511828756,17.1244183751091
1237668586504782310,164.422603055108,17.2399107642006
1237668496313942114,164.469136517369,16.9783421498825
1237668496313942163,164.506956905622,16.9279852121991
1237668585967911484,164.503791277361,16.8093439793588
1237668585967780633,164.258322181026,16.7417162594233
1237668585967911245,164.433111544848,16.8292711606193
1237668585967911326,164.4496747408,16.867950816441
1237668495777006129,164.40364588054,16.5598604194621
1237668495777071324,164.4830455208,16.6343136428827
1237668288013795505,164.601829049553,17.9616472592045
1237668288013795936,164.590362239386,17.901607586175
1237668288013795914,164.586499233898,17.8805409927253
1237668292297294807,164.595785954079,17.74488786973
1237668288013795510,164.634458734414,17.7982036865046
1237668292297294427,164.602415364664,17.6570019140715
1237668496850878895,164.587806265041,17.3746703283626
1237668292297294443,164.594994953397,17.7654306125992
1237668496850878898,164.582979893442,17.4294049335574
1237668496850878921,164.588310450354,17.5047600783039
1237668496850878631,164.600845137601,17.4438779433041
1237668496314008077,164.595828049701,16.9649825435409
1237668586504913026,164.678432693506,17.3098428976733
1237668496314008059,164.594546274509,16.9257697906001
1237668586504913651,164.791324542402,17.2296793147798
1237668586504847905,164.617997112167,17.2997451293797
1237668496314008187,164.649027296169,16.8923782182945
1237668496314007977,164.549343873538,16.9892194494864
1237668496314073613,164.766682109741,17.0036991097083
1237668496314008273,164.682312100787,16.9682051457232
1237668585967977160,164.700558804249,16.849316099267
1237668585967911107,164.557204589802,16.8722772528981
1237668495777137224,164.648439037153,16.6565281145768
1237668585967976916,164.619157293109,16.7362613768063
1237668496851009871,164.828283097362,17.5253345772269
1237668288013861451,164.729708944201,17.8483686145746
1237668292297294575,164.650889977704,17.7540779601492
1237668292297360082,164.769411493384,17.6888839361345
1237668292297360031,164.723753879182,17.6933627218963
1237668587041784317,164.746055181949,17.5634438247618
1237668292297359800,164.711098953933,17.7861502721369
1237668496850944430,164.720121136067,17.4306655944188
1237668496850944751,164.783271155895,17.3394321044149
1237668586504978532,164.939598468285,17.2256795097989
1237668586504913423,164.821252771107,17.1231600506667
1237668496314138985,164.857651045665,17.0554804017072
1237668586504978905,164.955226419915,17.1811410258921
1237668496314138997,164.860805088353,17.1045944455662
1237668585968042048,164.751001641783,16.7709605050858
1237668585968042356,164.799436509783,16.7387966882363
1237668496314073686,164.784903500601,17.0297101373705
1237668496314139066,164.905818772231,16.9686508821003
1237668495777202524,164.758393088952,16.6818422879335
1237668585968042104,164.788315696948,16.7632835381088
1237668292297425551,164.904926064911,17.8139342342681
1237668292297425627,164.961929187145,17.6647642661275
1237668288013926404,164.799479139919,17.907977504961
