objid,ra,dec
1237666301091971613,49.1906988601796,0.221261386559911
1237663238204097137,54.7302447848043,-0.217775074094927
1237663238204097508,54.7314678126879,-0.214793418142112
1237663238204097144,54.7318265863257,-0.222078823195952
1237666301094396167,54.7331045143825,0.392876019396461
1237666301094397062,54.7333588739625,0.332010463100989
1237666299483783977,54.7334827886166,-0.858513503751326
1237666301094396455,54.7338150404419,0.387333281471585
1237663239277839046,54.7339243816458,0.471288480896709
1237657586567938767,56.4379899694103,0.419908134713486
1237645943978919144,56.438132754687,1.02779786205743
1237663237668012940,56.4382578288362,-0.800704942273205
1237666300021375791,56.4383336395911,-0.454195613734286
1237663238741754227,56.4386225821427,0.0334488098481873
1237663239278625458,56.440950765041,0.478719028671096
1237663238741754231,56.4415884733991,0.0539495309481545
1237645943978918729,56.4418197480011,1.02935468761448
1237666299482145445,50.9542486998306,-1.02278365661464
1237663237128716786,50.9544372306598,-1.14555061828389
1237666299482145161,50.9545472289327,-0.957114027524613
1237663237128717253,50.9545799845686,-1.14024901343414
1237666299482145828,50.955779613387,-0.876558102885271
1237666300555887893,50.9561040303703,-0.132110271976249
1237660239777235908,50.9567273593637,-0.705113968634301
1237660241387848145,50.9574106097414,0.462156209975934
1237663237128717037,50.9574429922654,-1.22310845347487
1237663238739330229,50.9574824911054,0.0722840271063147
1237660239777235662,50.957887181526,-0.708463379628432
1237660240313320291,49.1937052101077,-0.243836873026924
1237663784218919479,49.1942530003858,0.16512468726036
1237666301628842609,49.195039155573,0.8085254080048
1237660240851567152,52.3306100840406,0.000963958109522875
1237666300019606156,52.3319318768717,-0.540287988456622
1237666302167089586,52.3321573556732,1.1920117823587
1237660240314499494,51.8669629216564,-0.290933527570152
1237663238739722892,51.867029135795,0.12855066314488
1237660241388241412,51.8672423510581,0.500075223311837
1237660241388241802,51.8676017438237,0.505943723443346
1237660241388241416,51.868135856317,0.510816228374162
1237660241925112663,51.8681425891973,0.967479401830616
1237660239777628991,51.8689009567504,-0.712770804882443
1237666301630022137,51.8693575034585,0.700916363381291
1237663238739723268,51.8698539874084,0.120270574348727
1237663238739723272,51.8702938352926,0.0833537060420295
1237660241388241421,51.8704655164817,0.505637506038701
1237666299482538387,51.8710099354161,-1.02198388945431
1237666302166893274,51.8714109254328,1.09219967841226
1237663237131731805,57.7667930792919,-1.23500872371957
1237660339632866052,57.7670494216189,0.262509738912776
1237660241924981642,51.5932967139152,1.02328589791135
1237660240314368859,51.5935654931424,-0.373850079052484
1237660241924981643,51.5951732564129,1.01924828397875
1237666300019278481,51.5962244084558,-0.470343876365298
1237660241924981208,51.5963850769322,0.944345782537702
1237666300019278150,51.5967650631195,-0.435683649970697
1237660240314369102,51.5976293526808,-0.36298218216119
1237678437018960799,45.6631445614255,0.985829108822442
1237678437018960494,45.6637890110477,0.993520256818755
1237666301090398959,45.6641012936188,0.224205423830707
1237666300016657574,45.6646817787545,-0.607227071588201
1237666300016657441,45.665256186071,-0.598041846907451
1237666300553527965,45.6655123673602,-0.160721701287609
1237666299479786483,45.6657583302271,-1.00262528098379
1237678437018960271,45.6662214278956,1.04153713714137
1237666300016657576,45.6668217401727,-0.593200419170424
1237666300020917182,55.311982064705,-0.557871504288189
1237657586030543785,55.3122519027112,-0.152054129261185
1237663239278101219,55.3131103228128,0.485440496041563
1237663237667488380,55.3152580577727,-0.829449576342351
1237666301631530206,55.3154783118329,0.745633323052722
1237645942906093826,58.4039529782872,0.018163336284185
1237666300022293080,58.4040791539511,-0.554651726481795
1237663237668864558,58.4044080657048,-0.662104097422745
1237663237668864870,58.4053371495119,-0.818429646678677
1237663237668864559,58.4059318028833,-0.63576210354721
1237666300022293083,58.4060698716019,-0.530766355383332
1237660026139967709,58.4086286324113,0.00160798655479251
1237645942906094369,58.4092487503288,0.10714066920953
1237663238205735222,58.4094395101166,-0.238162665901157
1237663238205735663,58.4097034910383,-0.34900917575909
1237660339633127964,58.4097703080064,0.257528756751418
1237645942905504034,57.089446530672,0.136492178740488
1237645943979245995,57.0896413167751,0.9515451845869
1237663238205145438,57.0907396011972,-0.373840035297469
1237666301632316043,57.0911870114802,0.710772585799433
1237666301632316044,57.0912192012401,0.815081625217512
1237645942905504198,57.093051560531,0.220722884894597
1237645943979246005,57.0938736951101,0.948666892054075
1237663237129831334,53.4943626310813,-1.06718158261883
1237666301093872008,53.4945514744776,0.364569910555151
1237663238740444543,53.49621599237,0.0812781947779729
1237666301630743378,53.4969236840504,0.742271327332077
1237660241925833077,53.4971898825784,0.874831644797016
1237663237129831151,53.4988016047818,-1.06545957151502
1237666301090202429,45.1329801308246,0.376003574127479
1237660241385292246,45.1353911461432,0.582645447639248
1237666300553331181,45.1359112540213,-0.0206520420917252
1237660241385292248,45.1375511350486,0.580770836571473
1237666299482276894,51.3487576375516,-0.872171729990139
1237663238739526546,51.3488739476727,0.0795432874096829
1237660241387979574,51.3492687851211,0.436127899893826
1237666301629760444,51.3494454208359,0.63962153126839
1237666301629760184,51.3519438814375,0.637655238177759
1237663238739525997,51.352314193855,0.0773218153521377
1237663238739525999,51.3530765339527,0.0961132617241582
1237666301629760454,51.3531966915101,0.767179616637571
1237663238203049297,52.3354685506845,-0.209481646457225
1237660241925308831,52.3355716104637,0.91307201165546
1237660241925308833,52.3360150874811,0.84918665660224
1237666299479589334,45.1381995138173,-0.983181795394539
1237660024523522700,45.1397813718748,-1.07928553124167
1237666300553331613,45.1401038532738,-0.12806353394933
1237678437018763568,45.1403696969341,0.881351973233113
1237666299479589866,45.1408009418773,-0.929813233559046
1237660024523522405,45.140948747983,-1.22044893650602
1237660024523522407,45.1414337735241,-1.0968849692376
1237660024523522408,45.1421966366127,-1.10294285824754
1237663784217149922,45.1423943376468,0.177027807624565
1237666301631267157,54.7362477164152,0.83306990467323
1237666301094396998,54.7377489741226,0.248148070808057
1237666299483783789,54.7377668482567,-1.03885175267763
1237663239277839319,54.7379341493476,0.469683177209182
1237657587104088862,54.7381691082117,0.842183975914589
1237666301631267412,54.7386525133389,0.829335622123268
1237663239279805213,59.2127593278133,0.567044489358369
1237663237669192618,59.2135609424134,-0.744041046296666
1237666302170104453,59.2142831363473,1.11198188398686
1237646587700642255,59.2145554430598,0.847904540722751
1237663237669192290,59.2151762620426,-0.748263411421302
1237660025603424846,59.2152736868294,-0.416538880264182
1237666300022620612,59.2159135979992,-0.53940529620619
1237660025603424528,59.2173409438957,-0.419116162431218
1237646587700642563,59.2176778194644,0.846159973957699
1237663239279805057,59.218179740272,0.522150997603283
1237666300019410123,51.8718941516673,-0.457804388758549
1237666300019410022,51.8732891339142,-0.530934114919148
1237666302166893278,51.8741861784096,1.086051039099
1237660241925112316,51.8764593793838,1.020444227684
1237666300019868644,52.9235165297935,-0.538806075276912
1237660240314958598,52.9246495923118,-0.322318812696155
1237666299482997066,52.9250872321364,-0.865424913900681
1237666300019868163,52.9253206921337,-0.52122905687325
1237666300019868647,52.9258819920594,-0.566442995639747
1237666300019868465,52.9261717967823,-0.543109609190365
1237660241388700429,52.9262710043313,0.447242568335183
1237660241388700628,52.9265636464982,0.591317013802222
1237666302168859557,56.4427359609365,1.12469415780157
1237645943978918734,56.4437010112206,1.03606111373429
1237666302168859658,56.4453523994632,1.19743760921816
1237645943978918738,56.4454729621183,1.03124502076254
1237666301095117564,56.4459208934438,0.372655675470636
1237666300558312128,56.447011911474,-0.0992945205625514
1237666299485094454,57.7729968949922,-0.850400586708295
1237666301632578578,57.7735139464108,0.672662756493944
1237645943979508374,57.7737613567842,1.0399809461318
1237663237131731289,57.7738762581461,-1.23339554001483
1237666302168662933,55.8677489248556,1.18299026298967
1237666301631791970,55.8687133557675,0.671972649728678
1237666299484308145,55.870836959492,-0.895289505125152
1237663238739592049,51.5977733627409,0.0551289026925315
1237663238739592050,51.597855053718,0.103232515940943
1237660241924981216,51.5986749074801,0.961118741746428
1237666300019278499,51.6000891669488,-0.553998592339658
1237666299482408132,51.6009162427306,-0.943939496369901
1237663237128979059,51.6017357258029,-1.22605205476854
1237666300556149632,51.6023863138881,-0.0890488040232905
1237660240313320433,49.1962061583782,-0.241436262931165
1237666300555101287,49.1962787087466,-0.2059261679049
1237666300555100740,49.1972723717289,-0.195292898927573
1237666302165713707,49.1991347132855,1.08944833592574
1237666300020917188,55.3170338712994,-0.447185063783307
1237663237130617130,55.3179351109397,-1.09619254323561
1237663239278101234,55.318193787201,0.483795640462462
1237663237667488890,55.3202781848091,-0.759722005569032
1237663238205735784,58.4108154996828,-0.209036276393101
1237666300022292837,58.4138202611615,-0.556872818561802
1237678437018960144,45.6669628989641,0.989764135848768
1237663783680541050,45.6673909300187,-0.35812525516455
1237678437018960810,45.6694018573608,0.918956908425794
1237666300016722958,45.6699087253776,-0.613531163304981
1237666300553593155,45.670145278773,-0.0998856719816592
1237663783680541055,45.6702020681765,-0.365303676447666
1237678437018960806,45.6706944401461,1.0367277908237
1237663237129830701,53.5025043786615,-1.19694258285073
1237663237129831156,53.5028029550138,-1.06704443687356
1237666301091971637,49.1998377255115,0.358243875418387
1237660241387062062,49.199885404433,0.539913610876599
1237660241923933008,49.2000440125428,0.859467797297599
1237663784218920039,49.2016627068461,0.114652384389304
1237660241387062277,49.2028371943845,0.458117550648265
1237666302165713430,49.2029465957037,1.23773234147615
1237663238205145447,57.0940647614572,-0.295802101332091
1237666300021703051,57.0942501967178,-0.553181194348321
1237645943979246279,57.0946218408137,0.92580488755345
1237645942905504701,57.0946973650093,0.128697158484789
1237666300021703383,57.0989883735415,-0.53837013436079
1237660240313320441,49.2039764974197,-0.243802164794567
1237660241923932732,49.2046738553816,0.856883142338019
1237666300555100757,49.2051896503446,-0.192475353593513
1237666299482276425,51.3534724719745,-0.870288893271367
1237660241387979693,51.3544466689135,0.530014755125963
1237660239777366603,51.3547803995225,-0.687824429657257
1237666301629760581,51.3551633054152,0.637298340059545
1237666301092889226,51.3557551684062,0.377522945979696
1237663238739526360,51.3565263158461,0.0745515427292614
1237666301092889617,51.3566451238257,0.381856504760683
1237666300019148227,51.3568524799474,-0.516371934391003
1237660241387979586,51.3572601785229,0.56730545498696
1237660240314958612,52.9298077938665,-0.323286213005702
1237666300019868169,52.930580754614,-0.513337773231621
1237666300019867933,52.930851890176,-0.577503126972755
1237660240314957945,52.9310283383454,-0.361435213087023
1237663238740181595,52.9317351325827,0.1268061715735
1237663239279215162,57.7773820011545,0.51010063876806
1237663239279215163,57.7779380674393,0.564327969251029
1237645943979508676,57.7786047436678,1.04354935299234
1237666300021965495,57.7793702275944,-0.595409128128332
1237660239778611571,54.1127000093115,-0.715978181534533
1237660241926095208,54.1128485093884,0.987028256550257
1237657586566890149,54.113891157886,0.315391309132518
1237666299483521302,54.1142684743116,-0.993151255638339
1237657586030019621,54.115544799855,-0.106650357579242
1237666302167875965,54.1157560110981,1.10234307757332
1237660239778611864,54.1164439077354,-0.707448149041566
1237663239279804884,59.2190267355692,0.530326578592539
1237663237669192620,59.2196939377168,-0.772370638997343
1237645943980163754,59.220208621455,1.00357541594059
1237663239279805307,59.2247621342841,0.562692900202108
1237666302168662731,55.8721013376158,1.19255852438387
1237666301094920699,55.8729760890621,0.397013378996578
1237660025065112337,55.8738485114368,-0.834720786228799
1237666299484307872,55.8747359453322,-0.973624666982101
1237666301094920604,55.8752213374232,0.409878180098625
1237666300019278502,51.6029406503305,-0.558364793777226
1237666301629891334,51.6032383525931,0.69546273482271
1237663238739591808,51.603470228837,0.0862298459360714
1237663238739591815,51.6044937231774,0.0610635931155425
1237663238739592057,51.605073367782,0.0482688774979024
1237660240314369113,51.6056837615106,-0.359307944616778
1237663238739591821,51.6061514899322,0.158055547970809
1237663237667488728,55.321819028402,-0.794549689829607
1237663239278101606,55.3227362860578,0.492278731581613
1237663239278100981,55.3236701555527,0.481623098921026
1237666301631530214,55.3238712394621,0.679173429750895
1237660339633128093,58.418282834472,0.380378719481967
1237663783143670880,45.6723532860207,-0.72552727095161
1237663784217411833,45.6728195402982,0.104862565936818
1237666300016722631,45.6735251060085,-0.545245038200078
1237666301627335063,45.6742790467832,0.794761820653123
1237663783680541474,45.6745689705903,-0.364717634851269
1237666301090464110,45.6752898384646,0.326671162510101
1237663238740181863,52.9333537845444,0.0304775306139287
1237663238740182061,52.9347732485558,0.0371143594021358
1237660241388700450,52.9353207910382,0.451977192966124
1237660240314958620,52.9354116877607,-0.283875940605595
1237663238204621750,55.8758415558275,-0.394696709048119
1237666300021178808,55.876837965482,-0.521567469475094
1237663237667750440,55.8778584200077,-0.832904112016164
1237666302168662940,55.8782552854376,1.1963587331627
1237663238204621760,55.8787387359394,-0.389775903618003
1237666300021178815,55.8797473141589,-0.616099710823279
1237645943978721958,55.8799809691591,1.02625744450047
1237666300556083550,51.3585828736138,-0.201435791541839
1237666301092954826,51.3586326387008,0.258042840578606
1237660240314237616,51.3587732433208,-0.404193309894515
1237663238739525716,51.3596731057397,0.0897092779520978
1237666300556083553,51.3598619138596,-0.205410029248226
1237666301629825333,51.3603929321358,0.767868365419793
1237666301092954334,51.3608739522326,0.404906923638401
1237660241387979591,51.3616895941708,0.437417448290329
1237660239777498288,51.6069342942193,-0.731201568874329
1237666302166762269,51.6079948411334,1.16108259725853
1237666300556149307,51.6103666923382,-0.0819476716400696
1237666299482407407,51.6107204191002,-0.964818196513426
1237663239279805070,59.2287286858708,0.563788186454949
1237663239816675870,59.2320233741848,0.851689510205661
1237660241925308845,52.3395747130207,0.84619837621253
1237666302167089596,52.3402387334089,1.08065947931832
1237666302167089888,52.3404734544822,1.12115030982155
1237660240314696744,52.3404814332877,-0.246463411606819
1237660241925309142,52.3412972020248,0.911182687218987
1237666299482538894,51.8771128617813,-0.909431066329463
1237666301630022148,51.8776947905491,0.703617712393866
1237660241925112322,51.8777531099353,0.916908631985428
1237663238739723294,51.879549922383,0.124960364831873
1237660241925112327,51.8796055274562,1.02311785542516
1237660240314499520,51.8802812189123,-0.345644832721046
1237666300019409485,51.88042550061,-0.539871900640568
1237660241388241440,51.8805180707351,0.609618377979324
1237660240314500026,51.8812330519875,-0.373783093793631
1237666299483521433,54.1189088349158,-1.03785949197291
1237666299483521870,54.1204584105823,-0.843608212239647
1237666302167875982,54.1228195726529,1.18726581269529
1237663237667488043,55.3247891248045,-0.650421457330458
1237663237667488042,55.3247941217697,-0.790997520186478
1237663237130617325,55.3250754450703,-1.08341198481201
1237663239278101264,55.3252144624396,0.48507323689542
1237663239278101612,55.3282273865094,0.502636212453316
1237663237667488895,55.3284906244806,-0.775706883274909
1237663238741230337,55.3286209976576,0.0706821160302309
1237645943978721644,55.8800850362638,1.01723381162538
1237663237130879449,55.8803316653986,-1.22506915361007
1237663238204621405,55.8811822492199,-0.395266265023161
1237666301094920718,55.881535267585,0.41360756732165
1237666300021179274,55.8819108125667,-0.543315905564589
1237666301094920611,55.8819374753884,0.405040625446713
1237666300553593169,45.6770753836012,-0.0877524852977
1237666301627335073,45.678099455872,0.811133298738833
1237666300553593838,45.6784723545011,-0.0415779819836372
1237666300016722317,45.6790152985342,-0.54369608806009
1237666300553593626,45.6795879780572,-0.154038754158481
1237678437018960282,45.6798636491155,1.03548150533459
1237666300553593179,45.6803130473634,-0.04394328437201
1237660240314368528,51.6117753641702,-0.253822907097263
1237666300556149310,51.6121321429749,-0.0751735669640302
1237666302166762025,51.6122285225695,1.21700994067357
1237663238739592069,51.6127186594916,0.0443006008461771
1237663238739592248,51.6135888762213,0.0620843582524377
1237666300019278530,51.6136163333015,-0.556833421647746
1237663238739592071,51.6138166387308,0.0520102914752925
1237663238739592199,51.6139704493755,0.0926861722188927
1237663238739591832,51.6145095620625,0.0475241374368156
1237666300556149652,51.6148394904454,-0.0971063071778312
1237660239777498035,51.6154621411405,-0.73509674266963
1237663237667488897,55.3300687513878,-0.783039887574711
1237663237667487948,55.3308283088053,-0.815920961496339
1237663238741230901,55.330992908902,0.0417037062194963
1237663237667488420,55.3314588396859,-0.811267407074631
1237666301631530008,55.3319904267397,0.678610136762637
1237666301631530009,55.332091988073,0.801537405654406
1237645943978459907,55.3325499115355,0.896680238304042
1237663237667488426,55.3331079798495,-0.649354817862121
1237666301631530222,55.3332420979701,0.798545186393349
1237663237130617334,55.3336623542187,-1.08888401165837
1237663238741230902,55.3339605248817,0.182589846772544
1237666300556083560,51.3621422628737,-0.203140168535551
1237666301092954839,51.3641384302849,0.413203170866053
1237660241387979378,51.3643661702239,0.443148827592397
1237666302166696574,51.3650201580065,1.14592026255526
1237666301092954845,51.3657137842823,0.259785628435704
1237660339632865697,57.7811123359413,0.298211170912468
1237666302169449137,57.781753214305,1.18609288777944
1237663238205473508,57.7825101998753,-0.381516524314432
1237666300021965722,57.7830753710251,-0.531855618939158
1237663237131731541,57.7841085123814,-1.12870682918658
1237666301632578469,57.7842166101941,0.709764039872456
1237660239778612082,54.1254242465074,-0.674032087353563
1237666299483521308,54.1257003732395,-0.852256352971988
1237666302167876334,54.1257053096021,1.16457841795568
1237660239778611882,54.1268987277699,-0.678500587673325
1237663238203835382,54.1279918915716,-0.408660810955282
1237666302166893042,51.8826211251667,1.08820818600248
1237660241925112681,51.8827951406581,0.917317441302761
1237666300019409496,51.8833749150801,-0.514814784637785
1237666301630022428,51.8834499771722,0.704025824429517
1237663238739723506,51.883832876336,0.124720935509237
1237657586029101718,51.8845962135566,-0.111611443929903
1237663328937837442,51.8850460263409,0.423706523894451
1237666302166893048,51.8854436212591,1.09567122205432
1237660241925112684,51.8858602384834,0.960420462333062
1237666302167089616,52.3451316416376,1.11814954866835
1237657586029298379,52.346169236701,-0.103812840089966
1237663329474904736,52.3469610509106,0.844521510541908
1237660241925308865,52.3473925250167,0.861942630460447
1237666299484569962,56.4482206153734,-0.863842288969538
1237663238741754244,56.4484914858767,0.0513076809500253
1237666301095182725,56.4496724967628,0.361534550129422
1237645943978919153,56.4514353738218,0.942843582122923
1237660241385554246,45.6809521615347,0.554856653180425
1237663783143670508,45.6820619319325,-0.809347901908333
1237660024523784913,45.682482664871,-1.25272425559343
1237666300553593192,45.6827857874606,-0.0509588796018372
1237666299479851266,45.6831227676363,-0.855866503346922
1237663783680541493,45.6839929568528,-0.411996138259516
1237663783680541088,45.6846915049772,-0.218514500040295
1237666300556149872,51.6156567760098,-0.0766221481713093
1237663238739591837,51.6174380411475,0.0203123578828304
1237666300019278981,51.6190091774755,-0.430126836903029
1237657586029560133,52.9378885620791,-0.186639301342754
1237657586029560788,52.9381299512623,-0.172463604646989
1237660241388700637,52.9393297359946,0.455448312712931
1237666302168138651,54.7402487166586,1.08364165654372
1237657586030347292,54.7418348736299,-0.0714730920349317
1237666301094397050,54.743355656712,0.376809151092921
1237657586030347054,54.7436707356437,-0.0773775611298675
1237660241926357956,54.7439342858532,0.849069466885061
1237660240314696179,52.3498337826674,-0.226862408657296
1237660241925309157,52.3501710445349,0.852480675764378
1237666302167089647,52.3502464716486,1.11905748448693
1237660240314696182,52.3514336458163,-0.296667848365104
1237660241388438623,52.3517507717821,0.529719543221084
1237663238741230690,55.3355679330336,0.175009764307024
1237666300020917387,55.3375134252341,-0.537943479068264
1237666301631530026,55.3380111892662,0.672471789172565
1237663238204621425,55.8849349460394,-0.30714022072949
1237666299484307887,55.8860720429867,-0.992905025417885
1237666300021178842,55.8863701383457,-0.537375620431051
1237663237667750462,55.886478977987,-0.773480079907436
1237663238204621429,55.8868936578667,-0.263818651059368
1237666299485094883,57.7862247661589,-0.97872893648437
1237666299485094727,57.7866641455342,-1.00813263097102
1237666299485094885,57.7868747513243,-1.03274049410385
1237666299485094177,57.7869756516965,-1.00023643545027
1237666301632578478,57.7886681238612,0.704550767564533
1237663239279477265,58.4265120994045,0.555155429863827
1237645943979835717,58.4265266074694,0.901135681981921
1237663237131994229,58.4271336402845,-1.24874925071668
1237660339633193478,58.4282646791844,0.380623614175457
1237660241388241452,51.8873662476693,0.436673110386331
1237660240314499525,51.8875324436521,-0.284983503305879
1237666301630022434,51.8880268091934,0.709707102973637
1237666299482538905,51.8880853174728,-0.926141360023747
1237660240314499844,51.8884645660896,-0.29871032659304
1237666299482538685,51.8901884487258,-0.92355279190749
1237666299482538909,51.8910778234093,-0.906953403011294
1237660241388241460,51.8915319303996,0.446648246541351
1237657586029101391,51.891756571316,-0.0919212150137912
1237660241925112346,51.8918489137446,1.03598826716074
1237663237129110175,51.8918719518797,-1.21506561875129
1237660239240626753,51.6215695547165,-1.25479562219288
1237663238739657271,51.6225018260282,0.0197455655428531
1237666299482407993,51.623549759321,-0.895714935004126
1237666301092954335,51.3663018398724,0.404352700130595
1237666301092954402,51.3675986621658,0.368945499814142
1237666302166696125,51.3679950472877,1.14368028765468
1237666300556083923,51.3683764399161,-0.0915192946517515
1237666300556083577,51.3700414612127,-0.144309110855318
1237666299482341806,51.3702143308909,-0.925439315605576
1237660241388044914,51.3709759676916,0.458902521617692
1237666300019213151,51.371004851894,-0.531339677845718
1237660024523784917,45.6869891105439,-1.24902160237186
1237663784217411966,45.6870249950151,0.0928904400297985
1237663784217412597,45.6870350438495,0.104671679329994
1237660241385554259,45.6876410061431,0.549840948093598
1237666299479851690,45.6887305086721,-0.860259678149205
1237666300553593984,45.6903869402461,-0.0612148399352604
1237666300016722824,45.6903981424647,-0.464509028193183
1237663237668012429,56.4531377960188,-0.811321258699853
1237645943978918775,56.45546685573,0.945157216413896
1237663237131141825,56.4555267557279,-1.17434877313304
1237666302168924591,56.4556003120181,1.12865845213453
1237666301095183080,56.4556297123497,0.416161768521286
1237666301095183404,56.4568107557273,0.406659338047964
1237666302170104319,59.2327759066075,1.16752998165766
1237663237132321187,59.2339324966389,-1.08351668852128
1237666302170104465,59.2346996442459,1.11497810634153
1237666299485749948,59.2347129001067,-0.980271976933488
1237666302170104323,59.2347258971142,1.12799631176152
1237666300022620631,59.2349577409665,-0.623184333730481
1237663239279805296,59.2360341108913,0.460064018019293
1237666299485749784,59.2368357619509,-0.987821271748371
1237645942906421993,59.2387467663237,0.0497881266635223
1237666300019606216,52.3525773704159,-0.497710676648484
1237663237129307106,52.3535310835675,-1.15268770246317
1237666300019606235,52.3544022182011,-0.504074721332342
1237666299482734871,52.3556834269725,-0.924030305780982
1237660240315220359,53.5051647372661,-0.358134155264682
1237663238740444368,53.5052662471433,0.124923214182511
1237660241388962209,53.5054675928333,0.559674248128461
1237663238740443994,53.5062778777379,0.00976607236375746
1237660241388962554,53.5064386418591,0.466930568351855
1237663238740444003,53.5076479583363,0.120457089503464
1237645942905504607,57.0997957643481,0.135739923209055
1237645943979246013,57.0999966821626,0.980118392526384
1237645943979246294,57.103582397894,0.980681359353503
1237666301094658944,55.3398677375135,0.262848976069106
1237666300020916896,55.3401080598961,-0.543330045602985
1237663237667488761,55.3402407273647,-0.688489197962387
1237663238741230703,55.3416152130429,0.0482054929444038
1237666299485094945,57.7908428661688,-1.03513813794232
1237666300021965724,57.7913886901522,-0.526257899698531
1237663237131731123,57.7916179306721,-1.1251771777014
1237663237131731571,57.793424197077,-1.12957372559605
1237666302169776635,58.4295750814746,1.11309052198887
1237663237668865127,58.4310660015504,-0.809294730842485
1237645943979835881,58.4320861704879,1.00670475905187
1237666302169776432,58.4321483342145,1.21169109416831
1237660339633193776,58.432409687551,0.369968954634217
1237666299485421848,58.4329378839687,-0.91510972653608
1237663237668864615,58.4331717581625,-0.801725557760993
1237663239279477279,58.4344315949132,0.558473915050286
1237666301094396172,54.7443033572669,0.235142639703231
1237666300020654433,54.7450065268416,-0.510721951773983
1237666301094396828,54.7450478591627,0.249377749264053
1237657586030347298,54.7467666542786,-0.0923107879270745
1237666300020654718,54.7468305297725,-0.547664865375851
1237663237130355404,54.7472351290921,-1.21861027781382
1237657586030346664,54.7473425660151,-0.087576577818587
1237666299483783802,54.748506497472,-1.03376487493762
1237657586030347464,54.7487926066537,-0.0797017732759309
1237666302168662744,55.8875066931355,1.25757193506999
1237657586029560137,52.9414417793932,-0.179836084900065
1237666300019868741,52.9416674501612,-0.578141339642394
1237657586029560548,52.9419974508932,-0.0988347676564919
1237666300019868480,52.9423309072788,-0.453897193039926
1237657586029560138,52.9427754087509,-0.1646760326903
1237645943977411424,52.9432156285902,1.0462559786061
1237657586029560551,52.9436218854097,-0.175463567048318
1237660241388700157,52.9457958566865,0.468846020177365
1237666300019868205,52.9462251183515,-0.454154763019572
1237660241925571062,52.9462428571988,0.898862909329926
1237666300556083587,51.372585629516,-0.0723434538703457
1237666302166696272,51.3726999951494,1.10011234777575
1237666302166696580,51.3732542221184,1.13889559586787
1237666301629825362,51.3749596445917,0.628298727201416
1237660239777432330,51.375065245379,-0.637155620964708
1237666300019212768,51.3753379785564,-0.512664258907404
1237663783680541111,45.6917004329203,-0.391191214808752
1237663783143670724,45.6934266858222,-0.81393639951826
1237660239777629014,51.8918925915744,-0.78530512080394
1237666300019409528,51.8922216755969,-0.537290328277312
1237660241388241852,51.8943728124623,0.610501181494256
1237660240314500034,51.8943915126474,-0.298501376007597
1237663238739722960,51.8953869561083,0.0341403968249197
1237666299482539010,51.8967368634264,-0.927515072031496
1237663239278101321,55.3427936957806,0.533793847860945
1237663237667488989,55.3435741420703,-0.685337692497337
1237663238741230707,55.3440798440497,0.136226603716048
1237663237667488765,55.3442982437613,-0.744473060459559
1237660241388962216,53.5098294407709,0.468707455942384
1237660239778349364,53.5114634368367,-0.793611513854217
1237660241388962560,53.5132226151566,0.513824530337077
1237666301093872082,53.5134837842367,0.294253677435371
1237666301093872409,53.5138257321149,0.390839674670252
1237663239279477285,58.4385313548501,0.426415040262204
1237663239279477287,58.4387601937385,0.569055094475504
1237663239279477289,58.441151667673,0.587072265917163
1237663238206062986,59.2411858271329,-0.21301862386969
1237663237669192539,59.2415308432982,-0.700705090433619
1237666302170104336,59.2426242796298,1.19876139849784
1237646587163771528,59.2428253916144,0.239786595236559
1237666300022620856,59.2434073439736,-0.61351767247405
1237663239279805095,59.243484376241,0.458365469633175
1237663238206062845,59.2445026570783,-0.212448222172
1237666302170104342,59.2445954049051,1.20339341572178
1237666300558574433,57.105671046188,-0.166824994093282
1237663239278887392,57.1060979126271,0.482960508301006
1237645943979246020,57.1067087463561,1.00033494478556
1237666302169186733,57.1091286973027,1.05040993515333
1237666302167876215,54.1283867127633,1.15937551251847
1237660241926095234,54.1326433118211,0.871736131264162
1237666302167876404,54.1334819002226,1.17429051027232
1237657586030084506,54.1338580742152,-0.166924544454658
1237663238740968153,54.7488364978676,0.193405454542355
1237663237667226427,54.7498749534052,-0.818363304801475
1237666301631267427,54.750640867402,0.814277485173019
1237666300020654275,54.7506871801393,-0.547307019391893
1237660025064587496,54.7518337327374,-0.837069845512463
1237666302168138485,54.7518389072766,1.24988100487114
1237666299483783807,54.7523535080716,-0.959600428349477
1237657586030346672,54.7524951127188,-0.146812102569191
1237660241926357527,54.7526770256046,0.99262962088769
1237666299483784071,54.7531187187,-0.953490951331234
1237666300020655150,54.7532582288489,-0.555864277525527
1237666302167351770,52.9484305490059,1.14173512573723
1237666302167351783,52.9504731139101,1.1766708010282
1237660240314958861,52.9507344313677,-0.359222443406487
1237660241925571384,52.9511840308255,0.899101303767764
1237666302166696776,51.376378919378,1.09976300692073
1237666300019212771,51.3766328253982,-0.560721705819055
1237666299482341824,51.3790672831908,-0.870492744807441
1237666300022031323,57.7953136721824,-0.528772598339427
1237663237131731322,57.7964172005309,-1.21171639806687
1237663237668602312,57.7977449314502,-0.74027316298497
1237663237131731581,57.7982629766211,-1.19838254378766
1237666300022030762,57.7982896058194,-0.537520405406488
1237663237131731589,57.7989732685586,-1.19479310284471
1237666301090464545,45.6957314065269,0.376166041997067
1237666301090464169,45.6958927655089,0.40274917791218
1237666301627335487,45.6965385592887,0.645093745652742
1237666301627335110,45.6965578956228,0.676614259356812
1237678437019025977,45.6984248799893,0.93542377623869
1237666301627335490,45.6986113090323,0.832324095008582
1237666301090464173,45.6988560656496,0.402040918414486
1237678617974735058,45.699462762528,1.25267350776093
1237666301630022572,51.8980197181234,0.735272648279297
1237666299482538912,51.8980967130227,-0.98257139385492
1237666299482538699,51.8981300382663,-1.03589341412275
1237657586029101408,51.8981993624808,-0.154115854117573
1237657586029101409,51.8984590773596,-0.168537185629439
1237663238739723333,51.8986573544624,0.026110725058154
1237657586029101410,51.8993834021775,-0.172396876427674
1237663237129110193,51.8998324724536,-1.15246213427435
1237666299482538915,51.9008163380649,-0.980578488804736
1237666300019606545,52.3563947858413,-0.541446835394304
1237660241925308902,52.3583305763888,1.04155557751045
1237660241925308909,52.3598313930997,1.03848288119263
1237666300022620637,59.246243534861,-0.610551856884856
1237663238206062995,59.2500861327027,-0.21613994571496
1237663237669191911,59.2516964871092,-0.813132426773484
1237663239279804892,59.2518354031904,0.442243736069185
1237666300559491720,59.2520454047523,-0.146054938926684
1237666301631529708,55.346856656929,0.797696709420824
1237666300020917497,55.3477347277411,-0.48481003070978
1237666300020916917,55.3481359611621,-0.548577483835936
1237666300020917399,55.348826816181,-0.542921617382553
1237666300020917499,55.3488568050749,-0.473738114606927
1237666299484046094,55.3490123625273,-1.03822557223926
1237663239278887402,57.1110653049835,0.500048388924545
1237666300021703605,57.1112322367196,-0.536101213413356
1237663238205145744,57.1130903607623,-0.279264451784624
1237666300558574244,57.113092966705,-0.175421371606766
1237645943979246305,57.1136532746955,0.895306151327594
1237666300558573962,57.1149048753226,-0.166640873228076
1237666300020129991,53.5152083977688,-0.545791341787755
1237660241388962227,53.5156866567438,0.561567776250827
1237657586029757510,53.5167135306595,-0.169724757016766
1237666302167613937,53.5178707382003,1.25080274448512
1237666301093872091,53.5189212975775,0.403678659841412
1237660241388962564,53.519553355374,0.561477600386365
1237666302167875997,54.1353754565549,1.22574185732921
1237663329475691472,54.1362666508926,0.843765646846185
1237660241389224226,54.1369623760124,0.454177105762155
1237660241926095247,54.1385040519026,0.958475536454034
1237660241926095421,54.1396089179685,0.872137455967519
1237666300019212785,51.3815707914436,-0.508830169112153
1237660239777432350,51.3828461699403,-0.830863467095202
1237666301629826000,51.383137553088,0.794439679507235
1237666302166696294,51.3831382343238,1.13855715922799
1237660241388044927,51.3832769564467,0.617813272271058
1237666299482342108,51.3836830837237,-0.868733777889571
1237660241388045319,51.3845637918967,0.538275683926729
1237660240314303429,51.3846790340635,-0.340107904816286
1237660241388044586,51.3848921862775,0.482280271099337
1237666300019212797,51.3853205686763,-0.518956600149305
1237666301627335122,45.7007760032124,0.655695938463383
1237666300016722925,45.7011062102837,-0.484980043065725
1237666301627335123,45.7013879933286,0.831846584651277
1237666300553593656,45.7013999535037,-0.0510807482491094
1237666300016722200,45.7024886428757,-0.584094178508929
1237663783143670535,45.7027589900375,-0.724842528751353
1237663783143670219,45.7028404339086,-0.817145139531046
1237678617974735180,45.7031584606608,1.2151215484187
1237666300016722834,45.7035733450253,-0.5948270739572
1237663783143670536,45.7040548850125,-0.777949433533459
1237678437019026249,45.7041411896186,0.845584232417004
1237666302168662952,55.8970550531658,1.0557675903437
1237663238741492218,55.9005031548787,0.166727532228658
1237663237668602324,57.8017911499309,-0.725920873676324
1237666299485160048,57.8019539968861,-0.864542953830925
1237666299485160056,57.80522844399,-1.00095526262266
1237663239279215413,57.8055080127184,0.609241444379942
1237645942905832309,57.8060518590952,0.214136452074999
1237663237129306451,52.3615463069304,-1.15409055262979
1237666299482735477,52.3621756199929,-0.980224828072692
1237660241388438633,52.3624377579,0.609771149700955
1237666301630219505,52.3626753616694,0.816825246480278
1237660239777825751,52.3647134463608,-0.664231701427139
1237666299482538917,51.9020101060181,-0.929433376947362
1237666300019409571,51.9030551413555,-0.554242218969149
1237666301093151448,51.9044909420747,0.264450992091422
1237666302168925046,56.4572904010339,1.25211441236039
1237666300021441170,56.4586354642666,-0.423719948028523
1237666301095182664,56.4603687706799,0.40671635497257
1237663237131141832,56.4604962629337,-1.17052098308656
1237663237668013103,56.4605864011574,-0.813637326069473
1237663237668012436,56.4617271296122,-0.821132382434636
1237666299484046330,55.3499329160171,-0.893318543128814
1237666300020916932,55.350813124477,-0.486755915201533
1237663238204359609,55.3534579765724,-0.302388180020278
1237660240314303185,51.3869131030128,-0.336408886663814
1237666299482342123,51.3870929676534,-0.945533952691485
1237666300019212804,51.3882825414806,-0.566155202051091
1237660240314303577,51.3883305602231,-0.343310531190715
1237660241388045456,51.3886647560058,0.537997602981368
1237666299482342424,51.3889743073172,-1.00483934139963
1237666302166696306,51.3894628280493,1.0969595915132
1237660241388044932,51.3895442172346,0.54203046859201
1237660239777432367,51.3903761930531,-0.66787590905035
1237666299482342127,51.3909350474482,-0.845292775352435
1237660239777432767,51.390937619886,-0.672190675786347
1237660241926095424,54.1405894213041,0.961327139127538
1237666339742286478,54.1446660063973,0.251109970901411
1237666302167876015,54.1450702036086,1.21982721147311
1237660024523785251,45.7047273763284,-1.17551407066018
1237678617974735778,45.7047276155289,1.25267301450247
1237666300553594015,45.7053127020532,-0.193156085819501
1237663784217412022,45.7066778594409,0.10415184926977
1237663783680540879,45.7070561793387,-0.26936192244243
1237663783143670227,45.7072040324106,-0.76723526704553
1237663784217412023,45.707242110496,0.095376920694124
1237678617974735194,45.707250961805,1.20510358051287
1237663783680541561,45.7089846550223,-0.273024749573414
1237663238206063292,59.253869143973,-0.389167921911125
1237666300022620469,59.2544108235838,-0.612415421090256
1237663238206063294,59.2549293286538,-0.40102793213809
1237646587163771332,59.2552240987118,0.34880824375237
1237663238206062999,59.2554149359771,-0.398025636560664
1237666299485749811,59.2555140395916,-0.89158349280433
1237645942906422005,59.2568098967101,0.108576796002074
1237663239279214937,57.8070165148974,0.600705990409597
1237666302169514395,57.8071608380393,1.08864093001518
1237645942905831824,57.8091343495271,0.0552240307802079
1237666300558901640,57.8092222800823,-0.116070286708562
1237645942905832314,57.8108547742488,0.12687714151797
1237666302168662959,55.9014936983288,1.04821224564417
1237666300021179315,55.9040843983304,-0.496002677934874
1237660241388438088,52.3666966453714,0.623717371507461
1237666299482735492,52.3673086173396,-0.981755215828577
1237666300019605926,52.367630972214,-0.537312025327149
1237660240314696247,52.3703857457269,-0.305319143381059
1237666300020917239,55.3552011325033,-0.490605217719854
1237663237667488486,55.3554965592954,-0.6950493562597
1237663238741230848,55.3556209377464,0.0399507397081328
1237666299484046118,55.3557654289636,-0.944403833601782
1237645943978460076,55.3569195771387,1.04447497760605
1237663238739526115,51.3911428971659,0.201533020390346
1237666299482342128,51.3922802358168,-0.955295637429941
1237666301092954474,51.3927829271971,0.323847526773026
1237666302166696607,51.3928329393536,1.13077657369002
1237666300556083949,51.3934558728748,-0.116355590930137
1237660241388044946,51.3935728541063,0.536867215363258
1237666300019213191,51.3945573466317,-0.596737595161237
1237660241924915826,51.3947116983148,1.04551837884634
1237666299482342432,51.3947255120999,-1.01486153786141
1237666302166696613,51.3952079426866,1.14062635887026
1237666302167351785,52.9515894061472,1.18010561515715
1237666302167352047,52.9518894257311,1.13092637124107
1237660241388700173,52.951979851745,0.430605142362405
1237660241925571075,52.9536443029833,0.896799633434548
1237663237129568919,52.9538129771232,-1.08284080075343
1237666302167351794,52.9543335253919,1.05802343484993
1237663237129568914,52.9545171467007,-1.10768501299429
1237660241925571648,52.9557420540268,0.867741954349341
1237666302167351795,52.9566877567535,1.17500641100845
1237663238205735265,58.4416476111473,-0.247962599580222
1237660339633193201,58.4419717910417,0.411669159061364
1237660339633193760,58.4447704625441,0.406210768234496
1237660339633193761,58.4448120728598,0.411164970521785
1237666302169776658,58.4449565422379,1.19633370188497
1237663237131993650,58.4465022953091,-1.21541655158298
1237660339633193206,58.4474858637646,0.252119705347832
1237666301632905519,58.4479623836399,0.705029056383913
1237666302168924625,56.4626938726868,1.25210695557688
1237663237668012959,56.4634351817195,-0.818246840828288
1237666299484570186,56.4639430306195,-1.01525588544354
1237663237131141836,56.4643084011849,-1.16956275398432
1237663238741754850,56.4643430375361,0.090238189978315
1237666302168925053,56.4648979254197,1.2541978208588
1237666301095182758,56.4672272375946,0.370030655352252
1237666301631792038,55.9052444182479,0.83791989519317
1237666300558050113,55.9055259001624,-0.165528137235055
1237645943978721717,55.9057404936577,1.04617063612139
1237666299484307923,55.9060473512348,-1.0048851367945
1237666300021178902,55.9068245394292,-0.498773116290822
1237666300558050117,55.9076959950923,-0.174569150011681
1237666301627335142,45.7102080092649,0.647635349211014
1237666301090464752,45.7108174617589,0.38116884210205
1237666300553593868,45.7108287691719,-0.124372417299274
1237666301090464199,45.711167468518,0.384617027435482
1237663784217412614,45.7112475373443,0.16211997369331
1237678617974735957,45.7126173949292,1.20702088668362
1237666299479851991,45.7127234060376,-0.927360340010316
1237678617974735783,45.7134487866866,1.2135252775971
1237663238739526656,51.3965791537921,0.114067060404675
1237666302166696615,51.397073371354,1.19297775053726
1237666300019213194,51.3976756421739,-0.587017791487601
1237666302166696618,51.3978708905671,1.0532624973203
1237660239777432076,51.3982765139197,-0.665130278532439
1237660240314303212,51.3984120843209,-0.339138953270452
1237666299482342140,51.3987916061137,-0.941524523938354
1237666301092954491,51.3998455317459,0.300212796323789
1237666301092954499,51.3998577693064,0.325416927932185
1237666301092954493,51.3998947261753,0.331868880443389
1237663237669257556,59.2599868624355,-0.749337931833825
1237666300020917411,55.358663634818,-0.482085545107916
1237666300020917244,55.3588874773545,-0.589548922335183
1237666300020916597,55.3594030370026,-0.595373245703222
1237666300020916962,55.3595944190705,-0.492251674707301
1237666299484046129,55.3597429607776,-0.865667656622395
1237663237667488789,55.359828689386,-0.753139222048363
1237666300020917414,55.360113004309,-0.479714042116212
1237663239278101688,55.3601805175318,0.491804344387681
1237666300020916457,55.3606939240869,-0.450256147630134
1237663239278167179,55.3617514801004,0.594025712146471
1237663239278166859,55.3619261101949,0.482167694795585
1237663239278887417,57.1190041802965,0.516074937568017
1237663238205145495,57.1195709830355,-0.285039937935564
1237666300558574255,57.1202792975508,-0.202109343842654
1237645942905504238,57.1203234591827,0.136798142480955
1237663239279477499,58.4487539839994,0.475670879471635
1237663238205735706,58.4515479846819,-0.368317005740844
1237663239279477304,58.4520200190804,0.478583796070397
1237663238205735790,58.4532970205389,-0.24496797663658
1237666301632905530,58.4542800186014,0.692414264508204
1237666300553593871,45.7137407241953,-0.109023088869087
1237666301627335150,45.7139436746987,0.716785506680324
1237666300553593872,45.714012201691,-0.0491902510532949
1237666300016722381,45.7154039676514,-0.517364244546901
1237666301627335153,45.7154941060846,0.828024454689466
1237660241385554307,45.7166878618336,0.540169926282571
1237666301627335809,45.7167008067703,0.714710737660384
1237678437019026724,45.7172016844511,1.04764484612173
1237666299482538719,51.9064298851399,-1.04552308535361
1237660241925112383,51.9077357835763,1.04550950310143
1237666302166893092,51.9096663283456,1.10343880479978
1237657586029101974,51.9098476920443,-0.144218354978589
1237657586029101973,51.9098941336397,-0.135390157391275
1237660239240757891,51.910143905441,-1.25838482033591
1237663238739723014,51.9101483555263,0.208139719303665
1237663238741492235,55.9095748052771,0.159825489241838
1237663238741492772,55.909745541036,0.0812268234593663
1237666300558049768,55.9098198421177,-0.176410554425948
1237666302168662967,55.9110175027599,1.18976529154888
1237663237130879837,55.9128861131992,-1.20903875160031
1237660241388962565,53.5197419530747,0.428513381072778
1237660240315220400,53.5198244876793,-0.245523594176043
1237663237129830869,53.5203655948381,-1.2363050568878
1237666302167614322,53.5203809713344,1.12031718765356
1237660241388962237,53.5210267087675,0.432959850389091
1237660241925833132,53.5220782137903,0.991881864595446
1237663237129568927,52.9576265496266,-1.10730171772237
1237660241925571391,52.959208258066,0.886396894467101
1237660241388700729,52.9595511200391,0.446435368543919
1237660240314958869,52.9598851476771,-0.271666860978896
1237666302167351800,52.9601144445844,1.13009714530056
1237666301629825706,51.3999898851246,0.701226128967401
1237666301092954497,51.4002501485001,0.290596595410773
1237645943976755565,51.4003244205795,1.04686810138813
1237666301092954899,51.4007674111532,0.30487952068924
1237660241924915566,51.401291053686,0.919983240003798
1237666300019213443,51.4023425138762,-0.527455815197474
1237663237128913729,51.4023931908462,-1.13238619969829
1237660240314303216,51.4024989777802,-0.293373565035474
1237666301092954907,51.4036913510155,0.330790671577766
1237660239777432393,51.4038300903692,-0.8274413690189
1237663238741754560,56.4678599171381,0.0822451469172478
1237666300021441408,56.4680877045531,-0.627804952534432
1237666300021441184,56.4682082221343,-0.568775019874642
1237645943978983892,56.4700194205169,1.01613244733709
1237666299484570211,56.4702820556674,-0.999386052702984
1237663237130355629,54.7552615042757,-1.15215811589016
1237666301094396531,54.7553201301887,0.234295928680893
1237666299483783436,54.7554961326764,-1.03745770732188
1237666301631266878,54.7568201226276,0.813102436350991
1237645942904455754,54.7571292037412,0.224971825948567
1237663238204097696,54.7576705371419,-0.304775780557746
1237657586030346521,54.758760939704,-0.182175249464259
1237663237129372316,52.3717086522551,-1.13988234552611
1237660241925309337,52.373576415523,1.03587446256432
1237660241925309180,52.3739473989658,0.925808555450068
1237657586029298122,52.3741574131065,-0.0824909964940421
1237660240314696588,52.3742975706435,-0.303652876950163
1237666302167090064,52.3748422479221,1.07112125503232
1237666300022620668,59.2677194452332,-0.605424850977279
1237663239279870533,59.2680762074932,0.585014095919071
1237666300022620670,59.2695251373601,-0.571954023510012
1237666299482342152,51.4048293149646,-0.941697847848806
1237666302166696630,51.4054683446287,1.19367506532507
1237663237131731984,57.812575359028,-1.14435562223634
1237666301632643438,57.8143625237523,0.810765776183507
1237663237131731865,57.8146030181977,-1.21787274042005
1237666301632643746,57.8146427324201,0.806885640557228
1237663237131731167,57.8151423140887,-1.20876551001785
1237663237668602358,57.8162824219391,-0.703752875997502
1237666300020917254,55.3622688960044,-0.454235875501177
1237666302168400059,55.3624452671138,1.17700688472472
1237663237130682734,55.364071828217,-1.17037497550189
1237666301094659008,55.3643864543098,0.342355346910265
1237666300020917418,55.3645704880947,-0.592194916125466
1237663239278166866,55.3648851526694,0.486517529691625
1237645943978460174,55.3655403382223,0.971635315005371
1237666300020917420,55.3659646574501,-0.614451460333369
1237645943979835907,58.4552958803234,0.963730780692098
1237663239816348432,58.4559378955341,0.852794991487562
1237660339633193762,58.4564774214178,0.401025951276634
1237663238205735498,58.4606748334708,-0.299885745252351
1237666300558574258,57.1211516578196,-0.0650256032226161
1237666300021703611,57.1214810775105,-0.527837526248968
1237645943979246447,57.1222835147715,0.985612626650809
1237666300021703110,57.1226432051391,-0.504658129226456
1237663237131404025,57.1245666577854,-1.05370947174886
1237666300021703117,57.1249261519115,-0.502037449726531
1237666301627335707,45.7176731052982,0.834503875962716
1237666299479851418,45.7177643381441,-0.882212006369934
1237663784217412051,45.7179598463009,0.159251737649736
1237663784217411850,45.7187878875906,0.149069269827399
1237666301627335508,45.7193356122581,0.822459108765439
1237660024523784974,45.7196764138662,-1.25397979634053
1237666299479851425,45.7201368137157,-0.953254368740341
1237663783143670839,45.7203935234648,-0.792942921489134
1237663328937837181,51.9109961054404,0.423752830500669
1237657586029101434,51.9114029242608,-0.183036969653723
1237663237129110393,51.9118249712049,-1.13269860888964
1237666302166893443,51.912992856496,1.10236410228055
1237657586029102172,51.913012382545,-0.134906511743267
1237666299482538453,51.9131697864548,-0.908949113121082
1237660241388241876,51.9137201587008,0.428979496691204
1237657586029101760,51.9144561465401,-0.179098833930949
1237660240315220409,53.5242530594661,-0.247831163819547
1237666302167613612,53.5251042617218,1.10418739533227
1237663238740444384,53.525239393705,0.0770533469183544
1237663237129830880,53.5269047459566,-1.17344710665293
1237657586029757102,53.5269415959172,-0.169966254384285
1237657586029822614,53.5279325101258,-0.0685951825449653
1237666300020130660,53.5281884680415,-0.547892582909729
1237663237129569195,52.9627514950629,-1.10608554078513
1237666300019868236,52.9634936242431,-0.459677180839398
1237666302167352250,52.9639715277689,1.07466054665055
1237663237129634822,52.9662407052169,-1.08031440935468
1237660241388700745,52.9667629017547,0.437683026453934
1237663238203834974,54.1456317050677,-0.369797230644335
1237660241926095434,54.1485670148949,0.958050827421636
1237663238203835216,54.1492238333165,-0.366289019481536
1237660239778611633,54.1493605161002,-0.764603578893989
1237663237129372322,52.3758758858725,-1.0815593668636
1237666301630219540,52.3771994198568,0.822300167957553
1237666300019606287,52.3776946106706,-0.628332564414304
1237666302167090120,52.3782630665784,1.22730049019559
1237660240314696606,52.3784891588746,-0.215780523798397
1237666301630219138,52.3799172732959,0.829236053767558
1237663238204097225,54.7603377295528,-0.287356009602122
1237663239277839358,54.7607372214367,0.45029021469873
1237666301631267780,54.7612814443294,0.832214005698522
1237666302168138265,54.7624879765415,1.14399958803464
1237663237130421105,54.7633189385513,-1.16024926044598
1237663238204162458,54.763464812735,-0.296618450641654
1237666300022620840,59.2730756918424,-0.523124422454255
1237645943980163608,59.2734512688202,0.901108157238839
1237645942906422011,59.2744700992493,0.128860006015522
1237646587163836952,59.2745521057242,0.319215818135494
1237645942906421653,59.2746511212813,0.143647296185906
1237663238206128566,59.2754094718618,-0.219140044748264
1237645942906421889,59.2762290139077,0.137665768630402
1237666300022620857,59.27735857019,-0.567377299090358
1237646586626966098,59.2779216630572,4.96482268946924E-05
1237663237130682969,55.3667186640316,-1.24887235135017
1237645943978459704,55.3675430610141,0.975529725274051
1237666301631530250,55.3677552279652,0.699394227534714
1237666301631530089,55.3686186894653,0.751796468466977
1237663238741296031,55.3686847979054,0.0903820432264828
1237645943978460089,55.3693085434787,0.970002847917132
1237663238205473824,57.8172185196097,-0.407695793555189
1237663238205473825,57.817518370749,-0.212419431702225
1237663238205473559,57.8176524194719,-0.413860006832873
1237666302169514403,57.8182680747327,1.14633020044163
1237666301632643449,57.8191610347242,0.807268091926476
1237660339632865984,57.8212947986945,0.266805941774153
1237666301632644090,57.8215551715267,0.735949045453215
1237666300558574452,57.1264177028389,-0.203503902642858
1237663237131404032,57.1266874502414,-1.19099262364998
1237666408467399182,57.1274107814688,0.33139219851672
1237666300021703715,57.127668072814,-0.500249789251527
1237666300558573979,57.1281543013063,-0.0797398884453042
1237666300558574268,57.1281966432799,-0.0728310863405229
1237663237668274716,57.1284817822747,-0.636412979925082
1237645943979245736,57.1285931926184,0.892460212209378
1237666300021703428,57.1293331378733,-0.432104911859772
1237645942905504250,57.1300183116,0.150144495322078
1237666301632316087,57.1302832598285,0.791712769908455
1237666300558049771,55.9142608646151,-0.150899716699233
1237666302168662502,55.9146977560852,1.05682147139212
1237666300021178936,55.9150702304585,-0.498658286410774
1237666299484308219,55.9155304182548,-0.968819864040766
1237666301631792054,55.9162757976421,0.716959783141936
1237666302168662772,55.91639757758,1.09683647316812
1237666300021178938,55.9165570638942,-0.531807797231659
1237666299479851739,45.7231285865518,-0.965137236178916
1237663783143670754,45.7237868082128,-0.796285482401081
1237663783143670755,45.7241337793999,-0.762080433539498
1237666300016722402,45.7243661235131,-0.510972964759882
1237666299479851742,45.7247077579509,-0.884130776125322
1237666299479851745,45.7259016674814,-0.96591515492953
1237666301627335171,45.7260393452613,0.82237797662186
1237660024523784675,45.7262934626372,-1.25280559716464
1237666301093151019,51.9153031268597,0.405571377570769
1237666300019409596,51.9154566138787,-0.44057685165759
1237666299482538459,51.9165717061554,-1.01925192159847
1237666300019409898,51.9166655435137,-0.464862159660002
1237660240314500058,51.916718849621,-0.312330258595223
1237666299482538177,51.9172558086505,-1.03747561316332
1237666301630022580,51.918251111402,0.664086233471904
1237666301630219548,52.3805586947537,0.655322345329706
1237666301630219550,52.3812301077317,0.753276184236286
1237657586029298137,52.3815057782667,-0.0898195527860727
1237666299482735512,52.3815464941927,-0.987122487065364
1237666300019606579,52.382109981919,-0.627549727869986
1237657586029298459,52.3822375408299,-0.0926861377592971
1237660240314696288,52.3829056052302,-0.282307045774714
1237666300019606787,52.3830257283582,-0.457549104832737
1237666301630219554,52.3834861141003,0.699176368693511
1237666302167089703,52.3840088898289,1.06239151682937
1237660241925308950,52.3840633013969,1.00744421905155
1237666302167090128,52.3843456809791,1.1624406550268
1237666302167614208,53.5288265819648,1.12250029760092
1237666302167613956,53.5304631738211,1.11662878741473
1237666301093872122,53.5315175312144,0.339079050382602
1237666301093872125,53.5316739726296,0.416508369237652
1237663238740444083,53.5319293141408,0.0774075714355316
1237663238740444096,53.5332196419199,0.0410529022379176
1237646587163836726,59.2788686881928,0.282546672268973
1237663237669257783,59.2795521099822,-0.832041579664434
1237666301633233477,59.2807774205269,0.683438124006077
1237646587163837135,59.2814128523962,0.32658847777641
1237663237132386717,59.2814797152199,-1.22067531390095
1237646587163836740,59.2820982566916,0.316189346142553
1237666301633233768,59.28468130605,0.687916049968723
1237663239278166447,55.3698937767506,0.592995970285009
1237666301094658728,55.3703349928296,0.257816649468252
1237666301631529767,55.3718771428609,0.705419915624667
1237666300020916995,55.3722707874065,-0.624304212899476
1237663237130682979,55.3723903531524,-1.1739239034555
1237666300020917510,55.3729546657696,-0.444796832761101
1237666301631529774,55.3737872497019,0.699373417431488
1237666300022031152,57.8235421572214,-0.541990115581123
1237666302169514410,57.8245588472591,1.14860108245441
1237663238205473839,57.8258998710637,-0.301334751746298
1237666339742286480,54.1516286125823,0.245867049386361
1237666339742286138,54.1523591907712,0.261546269221803
1237663238203835388,54.1528306011397,-0.372126646173165
1237666339742286143,54.1567174208943,0.244063473792181
1237666302168138280,54.7652852213141,1.14287099050778
1237663238204162965,54.7657650470643,-0.206262913588811
1237663239277904339,54.7659224596477,0.577101395511685
1237663238204162468,54.7660984459634,-0.210923551996664
1237663237130421269,54.7663076756702,-1.14487430215146
1237663238741033277,54.7663281093075,0.200716659705038
1237666301631267462,54.7678676456492,0.792922870194894
1237666300021178945,55.9177411202515,-0.50003964083898
1237666299484308526,55.9179329775723,-0.970732455315776
1237663238741492598,55.9187920209184,0.154141742488079
1237666302168662976,55.9188859586407,1.21701634953682
1237663239278363341,55.9190060019467,0.510806231027906
1237666302168662978,55.9198185832199,1.18968015022241
1237678437019025857,45.7266348962932,0.993288865323877
1237663783143670756,45.7273464268979,-0.765608524393081
1237678437019026013,45.7277019417587,0.969351222884871
1237663784217412073,45.727953239619,0.154484651739294
1237666300016722415,45.7283260209404,-0.516922312736575
1237666300553594029,45.7283306092187,-0.16296548911448
1237666300553593322,45.7288586061144,-0.105391302720489
1237666301627335528,45.7290144640824,0.826988089483236
1237678437019026716,45.7293319713569,0.928899854231379
1237678617974735918,45.7304900418848,1.14931219482125
1237660241385554812,45.7305853032124,0.454509849277918
1237663783143670044,45.730727684887,-0.788894362498146
1237678437019026312,45.7308226585398,0.98041652090098
1237666300553593329,45.7308898348967,-0.00484085248066138
1237663238741754568,56.4725201801347,0.128369618554902
1237645943978983659,56.4730861068248,1.01993347026304
1237666302168925063,56.4744747332372,1.21599056110223
1237663238741754883,56.4744753533491,0.120786648202197
1237663238741754862,56.4749119327214,0.0773175271421722
1237666299484569995,56.4758470900462,-0.919949341657854
1237666301632905997,58.4636608764555,0.704054802511696
1237663238205735510,58.4649345532652,-0.303679205200133
1237666302169776475,58.4659374039157,1.11203893158419
1237666300559164149,58.4660085640243,-0.0996744494544694
1237645942906421911,59.288235674399,0.0555550995198979
1237663237132386874,59.2898900599142,-1.20219453239632
1237663237669257599,59.2910321805684,-0.770903515014062
1237657586029560053,52.9680862330662,-0.196938572522615
1237660241925571573,52.9681124612437,0.902173546920984
1237660240314958351,52.9682322017014,-0.273348022758728
